# <AnglePotential>
   0.00000  5961.15431
   0.00209  5954.77384
   0.00419  5947.15128
   0.00628  5937.85077
   0.00838  5926.31089
   0.01047  5911.91487
   0.01257  5894.16879
   0.01466  5872.98328
   0.01676  5848.93759
   0.01885  5823.29012
   0.02094  5797.58120
   0.02304  5773.00450
   0.02513  5749.96788
   0.02723  5728.10724
   0.02932  5706.66498
   0.03142  5684.97125
   0.03351  5662.79661
   0.03560  5640.43057
   0.03770  5618.45752
   0.03979  5597.36758
   0.04189  5577.24577
   0.04398  5557.71376
   0.04608  5538.12571
   0.04817  5517.89640
   0.05027  5496.80465
   0.05236  5475.12060
   0.05445  5453.46617
   0.05655  5432.46625
   0.05864  5412.39976
   0.06074  5393.05915
   0.06283  5373.87610
   0.06493  5354.22286
   0.06702  5333.73953
   0.06912  5312.53356
   0.07121  5291.13323
   0.07330  5270.19607
   0.07540  5250.13866
   0.07749  5230.91484
   0.07959  5212.05643
   0.08168  5192.92741
   0.08378  5173.05463
   0.08587  5152.38207
   0.08796  5131.31335
   0.09006  5110.49459
   0.09215  5090.45024
   0.09425  5071.29537
   0.09634  5052.68804
   0.09844  5034.02198
   0.10053  5014.74360
   0.10263  4994.64377
   0.10472  4973.98051
   0.10681  4953.34669
   0.10891  4933.33795
   0.11100  4914.22029
   0.11310  4895.79624
   0.11519  4877.52454
   0.11729  4858.80718
   0.11938  4839.30120
   0.12147  4819.10868
   0.12357  4798.73252
   0.12566  4778.79881
   0.12776  4759.70435
   0.12985  4741.40542
   0.13195  4723.45659
   0.13404  4705.25247
   0.13614  4686.34263
   0.13823  4666.67351
   0.14032  4646.62897
   0.14242  4626.82367
   0.14451  4607.75666
   0.14661  4589.53768
   0.14870  4571.84169
   0.15080  4554.09218
   0.15289  4535.76263
   0.15499  4516.65395
   0.15708  4497.01121
   0.15917  4477.39790
   0.16127  4458.38031
   0.16336  4440.21148
   0.16546  4422.70399
   0.16755  4405.34362
   0.16965  4387.56215
   0.17174  4369.03353
   0.17383  4349.85446
   0.17593  4330.50247
   0.17802  4311.57220
   0.18012  4293.44069
   0.18221  4276.06667
   0.18431  4259.02739
   0.18640  4241.74818
   0.18850  4223.80129
   0.19059  4205.13562
   0.19268  4186.11524
   0.19478  4167.32339
   0.19687  4149.23374
   0.19897  4131.95064
   0.20106  4115.16600
   0.20316  4098.33304
   0.20525  4080.95232
   0.20735  4062.83479
   0.20944  4044.21256
   0.21153  4025.61977
   0.21363  4007.59333
   0.21572  3990.37333
   0.21782  3973.78239
   0.21991  3957.33337
   0.22201  3940.48778
   0.22410  3922.93650
   0.22619  3904.77089
   0.22829  3886.44307
   0.23038  3868.51625
   0.23248  3851.34768
   0.23457  3834.89856
   0.23667  3818.76886
   0.23876  3802.41455
   0.24086  3785.43060
   0.24295  3767.76838
   0.24504  3749.77217
   0.24714  3731.99378
   0.24923  3714.88148
   0.25133  3698.53426
   0.25342  3682.66096
   0.25552  3666.74456
   0.25761  3650.31266
   0.25970  3633.18628
   0.26180  3615.58457
   0.26389  3598.01230
   0.26599  3580.97700
   0.26808  3564.70583
   0.27018  3549.03145
   0.27227  3533.49376
   0.27437  3517.58406
   0.27646  3501.01014
   0.27855  3483.85798
   0.28065  3466.55433
   0.28274  3449.63096
   0.28484  3433.42533
   0.28693  3417.90112
   0.28903  3402.68098
   0.29112  3387.25157
   0.29322  3371.23057
   0.29531  3354.57179
   0.29740  3337.59975
   0.29950  3320.83481
   0.30159  3304.69987
   0.30369  3289.28854
   0.30578  3274.32657
   0.30788  3259.32673
   0.30997  3243.84366
   0.31206  3227.70842
   0.31416  3211.12724
   0.31625  3194.57548
   0.31835  3178.53133
   0.32044  3163.20899
   0.32254  3148.45116
   0.32463  3133.82482
   0.32673  3118.85099
   0.32882  3103.25443
   0.33091  3087.11573
   0.33301  3070.83624
   0.33510  3054.91632
   0.33720  3039.67363
   0.33929  3025.07432
   0.34139  3010.76375
   0.34348  2996.25925
   0.34558  2981.20119
   0.34767  2965.54586
   0.34976  2949.59799
   0.35186  2933.84651
   0.35395  2918.68891
   0.35605  2904.21346
   0.35814  2890.16284
   0.36024  2876.07955
   0.36233  2861.54532
   0.36442  2846.40122
   0.36652  2830.84055
   0.36861  2815.30931
   0.37071  2800.25631
   0.37280  2785.88280
   0.37490  2772.04153
   0.37699  2758.32652
   0.37909  2744.28859
   0.38118  2729.66937
   0.38327  2714.54412
   0.38537  2699.28881
   0.38746  2684.37233
   0.38956  2670.09259
   0.39165  2656.41819
   0.39375  2643.01718
   0.39584  2629.43758
   0.39794  2615.34247
   0.40003  2600.69058
   0.40212  2585.76688
   0.40422  2571.02885
   0.40631  2556.84862
   0.40841  2543.30905
   0.41050  2530.16976
   0.41260  2517.00304
   0.41469  2503.41763
   0.41678  2489.26468
   0.41888  2474.72453
   0.42097  2460.21381
   0.42307  2446.15195
   0.42516  2432.72726
   0.42726  2419.80255
   0.42935  2406.99889
   0.43145  2393.89683
   0.43354  2380.25497
   0.43563  2366.14318
   0.43773  2351.91203
   0.43982  2337.99900
   0.44192  2324.68220
   0.44401  2311.93270
   0.44611  2299.44126
   0.44820  2286.78657
   0.45029  2273.65440
   0.45239  2260.00596
   0.45448  2246.10643
   0.45658  2232.38186
   0.45867  2219.17897
   0.46077  2206.57529
   0.46286  2194.34734
   0.46496  2182.09717
   0.46705  2169.46059
   0.46914  2156.29879
   0.47124  2142.77916
   0.47333  2129.28895
   0.47543  2116.21824
   0.47752  2103.74239
   0.47962  2091.73423
   0.48171  2079.84190
   0.48381  2067.67573
   0.48590  2055.01122
   0.48799  2041.91289
   0.49009  2028.70591
   0.49218  2015.79632
   0.49428  2003.44247
   0.49637  1991.61788
   0.49847  1980.03600
   0.50056  1968.30622
   0.50265  1956.13699
   0.50475  1943.49199
   0.50684  1930.61663
   0.50894  1917.90552
   0.51103  1905.67998
   0.51313  1894.01218
   0.51522  1882.69558
   0.51732  1871.36196
   0.51941  1859.67421
   0.52150  1847.50356
   0.52360  1835.00444
   0.52569  1822.53475
   0.52779  1810.45519
   0.52988  1798.92816
   0.53198  1787.83656
   0.53407  1776.85558
   0.53617  1765.62529
   0.53826  1753.93813
   0.54035  1741.85325
   0.54245  1729.67044
   0.54454  1717.76430
   0.54664  1706.37339
   0.54873  1695.47371
   0.55083  1684.80140
   0.55292  1673.99652
   0.55501  1662.79023
   0.55711  1651.14868
   0.55920  1639.29749
   0.56130  1627.59983
   0.56339  1616.35165
   0.56549  1605.61973
   0.56758  1595.21447
   0.56968  1584.79741
   0.57177  1574.05848
   0.57386  1562.87898
   0.57596  1551.40038
   0.57805  1539.95121
   0.58015  1528.86280
   0.58224  1518.28459
   0.58434  1508.10955
   0.58643  1498.03991
   0.58853  1487.74550
   0.59062  1477.03570
   0.59271  1465.96427
   0.59481  1454.80563
   0.59690  1443.90294
   0.59900  1433.47497
   0.60109  1423.50019
   0.60319  1413.73745
   0.60528  1403.85747
   0.60737  1393.61413
   0.60947  1382.97603
   0.61156  1372.14901
   0.61366  1361.46480
   0.61575  1351.19397
   0.61785  1341.39794
   0.61994  1331.90401
   0.62204  1322.40351
   0.62413  1312.61341
   0.62622  1302.42506
   0.62832  1291.96697
   0.63041  1281.53832
   0.63251  1271.44106
   0.63460  1261.81168
   0.63670  1252.55319
   0.63879  1243.39489
   0.64088  1234.03637
   0.64298  1224.30392
   0.64507  1214.24594
   0.64717  1204.11148
   0.64926  1194.21223
   0.65136  1184.74720
   0.65345  1175.69733
   0.65555  1166.84415
   0.65764  1157.88908
   0.65973  1148.60868
   0.66183  1138.97403
   0.66392  1129.17117
   0.66602  1119.50042
   0.66811  1110.20694
   0.67021  1101.34680
   0.67230  1092.76421
   0.67440  1084.18027
   0.67649  1075.33900
   0.67858  1066.14179
   0.68068  1056.70422
   0.68277  1047.29609
   0.68487  1038.18997
   0.68696  1029.50942
   0.68906  1021.16749
   0.69115  1012.92053
   0.69324  1004.49789
   0.69534   995.74279
   0.69743   986.69827
   0.69953   977.58798
   0.70162   968.69218
   0.70372   960.19009
   0.70581   952.06512
   0.70791   944.12151
   0.71000   936.09135
   0.71209   927.77389
   0.71419   919.14268
   0.71628   910.36400
   0.71838   901.70670
   0.72047   893.39057
   0.72257   885.46631
   0.72466   877.79507
   0.72676   870.12768
   0.72885   862.23523
   0.73094   854.02917
   0.73304   845.61212
   0.73513   837.22451
   0.73723   829.10954
   0.73932   821.37782
   0.74142   813.95244
   0.74351   806.61682
   0.74560   799.13007
   0.74770   791.35232
   0.74979   783.32126
   0.75189   775.23513
   0.75398   767.34278
   0.75608   759.80363
   0.75817   752.60357
   0.76027   745.56953
   0.76236   738.46426
   0.76445   731.10975
   0.76655   723.48199
   0.76864   715.72748
   0.77074   708.08363
   0.77283   700.74486
   0.77493   693.75648
   0.77702   686.99658
   0.77911   680.24574
   0.78121   673.30213
   0.78330   666.08721
   0.78540   658.69068
   0.78749   651.32358
   0.78959   644.19976
   0.79168   637.41687
   0.79378   630.90805
   0.79587   624.48377
   0.79796   617.93290
   0.80006   611.13250
   0.80215   604.11490
   0.80425   597.05294
   0.80634   590.16403
   0.80844   583.58783
   0.81053   577.31267
   0.81263   571.18820
   0.81472   565.00784
   0.81681   558.61627
   0.81891   551.99195
   0.82100   545.26161
   0.82310   538.63122
   0.82519   532.26980
   0.82729   526.21730
   0.82938   520.36874
   0.83147   514.53447
   0.83357   508.53968
   0.83566   502.31591
   0.83776   495.93990
   0.83985   489.59332
   0.84195   483.46064
   0.84404   477.62657
   0.84614   472.03431
   0.84823   466.52137
   0.85032   460.90639
   0.85242   455.08334
   0.85451   449.07919
   0.85661   443.04140
   0.85870   437.15594
   0.86080   431.54269
   0.86289   426.19243
   0.86499   420.97752
   0.86708   415.72207
   0.86917   410.29344
   0.87127   404.67257
   0.87336   398.96640
   0.87546   393.34947
   0.87755   387.96540
   0.87965   382.84878
   0.88174   377.91156
   0.88383   372.99384
   0.88593   367.94788
   0.88802   362.71526
   0.89012   357.35977
   0.89221   352.03370
   0.89431   346.89217
   0.89640   342.00694
   0.89850   337.33123
   0.90059   332.72963
   0.90268   328.05053
   0.90478   323.20484
   0.90687   318.21414
   0.90897   313.20052
   0.91106   308.31851
   0.91316   303.66820
   0.91525   299.24284
   0.91735   294.93750
   0.91944   290.60695
   0.92153   286.14127
   0.92363   281.52385
   0.92572   276.84185
   0.92782   272.23836
   0.92991   267.83165
   0.93201   263.65092
   0.93410   259.62504
   0.93619   255.62388
   0.93829   251.52674
   0.94038   247.28527
   0.94248   242.95029
   0.94457   238.64474
   0.94667   234.49436
   0.94876   230.55795
   0.95086   226.79880
   0.95295   223.10855
   0.95504   219.36533
   0.95714   215.49699
   0.95923   211.51974
   0.96133   207.53030
   0.96342   203.65173
   0.96552   199.96436
   0.96761   196.46391
   0.96970   193.06813
   0.97180   189.66249
   0.97389   186.15975
   0.97599   182.54578
   0.97808   178.88794
   0.98018   175.29792
   0.98227   171.86855
   0.98437   168.62371
   0.98646   165.50917
   0.98855   162.42456
   0.99065   159.27626
   0.99274   156.02593
   0.99484   152.71147
   0.99693   149.42644
   0.99903   146.26721
   1.00112   143.27963
   1.00322   140.43703
   1.00531   137.65811
   1.00740   134.85078
   1.00950   131.95979
   1.01159   128.99600
   1.01369   126.03073
   1.01578   123.15560
   1.01788   120.43118
   1.01997   117.85564
   1.02206   115.36942
   1.02416   112.88869
   1.02625   110.34889
   1.02835   107.73836
   1.03044   105.10470
   1.03254   102.52813
   1.03463   100.07612
   1.03673    97.76715
   1.03882    95.56395
   1.04091    93.39590
   1.04301    91.19643
   1.04510    88.93725
   1.04720    86.64331
   1.04929    84.37879
   1.05139    82.21071
   1.05348    80.17195
   1.05558    78.24592
   1.05767    76.37834
   1.05976    74.50689
   1.06186    72.59325
   1.06395    70.64292
   1.06605    68.70181
   1.06814    66.83014
   1.07024    65.06865
   1.07233    63.41802
   1.07442    61.84137
   1.07652    60.28554
   1.07861    58.70868
   1.08071    57.10160
   1.08280    55.49211
   1.08490    53.92899
   1.08699    52.45433
   1.08909    51.08125
   1.09118    49.78939
   1.09327    48.53790
   1.09537    47.28725
   1.09746    46.01922
   1.09956    44.74579
   1.10165    43.50180
   1.10375    42.32486
   1.10584    41.23493
   1.10794    40.22546
   1.11003    39.26922
   1.11212    38.33365
   1.11422    37.39737
   1.11631    36.46049
   1.11841    35.54355
   1.12050    34.67532
   1.12260    33.87678
   1.12469    33.15105
   1.12678    32.48397
   1.12888    31.85304
   1.13097    31.23913
   1.13307    30.63548
   1.13516    30.05013
   1.13726    29.50040
   1.13935    29.00292
   1.14145    28.56535
   1.14354    28.18400
   1.14563    27.84736
   1.14773    27.54218
   1.14982    27.25903
   1.15192    26.99506
   1.15401    26.75314
   1.15611    26.53819
   1.15820    26.35325
   1.16029    26.19747
   1.16239    26.06647
   1.16448    25.95429
   1.16658    25.85538
   1.16867    25.76595
   1.17077    25.68410
   1.17286    25.60898
   1.17496    25.53970
   1.17705    25.47445
   1.17914    25.41051
   1.18124    25.34484
   1.18333    25.27496
   1.18543    25.19951
   1.18752    25.11828
   1.18962    25.03137
   1.19171    24.93801
   1.19381    24.83575
   1.19590    24.72067
   1.19799    24.58885
   1.20009    24.43848
   1.20218    24.27205
   1.20428    24.09712
   1.20637    23.92485
   1.20847    23.76664
   1.21056    23.63068
   1.21265    23.52037
   1.21475    23.43470
   1.21684    23.36987
   1.21894    23.32087
   1.22103    23.28248
   1.22313    23.24976
   1.22522    23.21811
   1.22732    23.18328
   1.22941    23.14128
   1.23150    23.08862
   1.23360    23.02274
   1.23569    22.94267
   1.23779    22.84958
   1.23988    22.74651
   1.24198    22.63710
   1.24407    22.52370
   1.24617    22.40605
   1.24826    22.28132
   1.25035    22.14558
   1.25245    21.99622
   1.25454    21.83404
   1.25664    21.66425
   1.25873    21.49509
   1.26083    21.33486
   1.26292    21.18884
   1.26501    21.05795
   1.26711    20.93952
   1.26920    20.82924
   1.27130    20.72326
   1.27339    20.61952
   1.27549    20.51780
   1.27758    20.41855
   1.27968    20.32147
   1.28177    20.22456
   1.28386    20.12450
   1.28596    20.01786
   1.28805    19.90291
   1.29015    19.78097
   1.29224    19.65654
   1.29434    19.53586
   1.29643    19.42451
   1.29852    19.32545
   1.30062    19.23858
   1.30271    19.16153
   1.30481    19.09116
   1.30690    19.02482
   1.30900    18.96101
   1.31109    18.89916
   1.31319    18.83888
   1.31528    18.77919
   1.31737    18.71817
   1.31947    18.65343
   1.32156    18.58302
   1.32366    18.50653
   1.32575    18.42569
   1.32785    18.34415
   1.32994    18.26613
   1.33204    18.19492
   1.33413    18.13182
   1.33622    18.07619
   1.33832    18.02623
   1.34041    17.97999
   1.34251    17.93610
   1.34460    17.89405
   1.34670    17.85387
   1.34879    17.81557
   1.35088    17.77856
   1.35298    17.74162
   1.35507    17.70320
   1.35717    17.66192
   1.35926    17.61710
   1.36136    17.56891
   1.36345    17.51803
   1.36555    17.46491
   1.36764    17.40906
   1.36973    17.34891
   1.37183    17.28233
   1.37392    17.20762
   1.37602    17.12477
   1.37811    17.03611
   1.38021    16.94601
   1.38230    16.85946
   1.38440    16.78031
   1.38649    16.71013
   1.38858    16.64830
   1.39068    16.59283
   1.39277    16.54152
   1.39487    16.49278
   1.39696    16.44593
   1.39906    16.40088
   1.40115    16.35745
   1.40324    16.31490
   1.40534    16.27182
   1.40743    16.22655
   1.40953    16.17791
   1.41162    16.12583
   1.41372    16.07164
   1.41581    16.01762
   1.41791    15.96607
   1.42000    15.91837
   1.42209    15.87452
   1.42419    15.83338
   1.42628    15.79335
   1.42838    15.75298
   1.43047    15.71141
   1.43257    15.66831
   1.43466    15.62340
   1.43676    15.57587
   1.43885    15.52413
   1.44094    15.46608
   1.44304    15.39987
   1.44513    15.32499
   1.44723    15.24309
   1.44932    15.15804
   1.45142    15.07481
   1.45351    14.99782
   1.45560    14.92956
   1.45770    14.87025
   1.45979    14.81845
   1.46189    14.77213
   1.46398    14.72951
   1.46608    14.68958
   1.46817    14.65203
   1.47027    14.61674
   1.47236    14.58329
   1.47445    14.55070
   1.47655    14.51763
   1.47864    14.48279
   1.48074    14.44541
   1.48283    14.40551
   1.48493    14.36379
   1.48702    14.32104
   1.48911    14.27750
   1.49121    14.23243
   1.49330    14.18437
   1.49540    14.13173
   1.49749    14.07368
   1.49959    14.01081
   1.50168    13.94515
   1.50378    13.87947
   1.50587    13.81600
   1.50796    13.75555
   1.51006    13.69731
   1.51215    13.63948
   1.51425    13.58028
   1.51634    13.51887
   1.51844    13.45571
   1.52053    13.39223
   1.52263    13.32983
   1.52472    13.26889
   1.52681    13.20843
   1.52891    13.14653
   1.53100    13.08131
   1.53310    13.01195
   1.53519    12.93938
   1.53729    12.86606
   1.53938    12.79491
   1.54147    12.72803
   1.54357    12.66581
   1.54566    12.60707
   1.54776    12.54984
   1.54985    12.49242
   1.55195    12.43414
   1.55404    12.37556
   1.55614    12.31789
   1.55823    12.26209
   1.56032    12.20809
   1.56242    12.15467
   1.56451    12.10005
   1.56661    12.04282
   1.56870    11.98278
   1.57080    11.92129
   1.57289    11.86090
   1.57499    11.80424
   1.57708    11.75298
   1.57917    11.70732
   1.58127    11.66623
   1.58336    11.62812
   1.58546    11.59156
   1.58755    11.55566
   1.58965    11.52015
   1.59174    11.48493
   1.59383    11.44962
   1.59593    11.41326
   1.59802    11.37443
   1.60012    11.33176
   1.60221    11.28457
   1.60431    11.23341
   1.60640    11.18004
   1.60850    11.12686
   1.61059    11.07584
   1.61268    11.02780
   1.61478    10.98222
   1.61687    10.93773
   1.61897    10.89292
   1.62106    10.84704
   1.62316    10.80031
   1.62525    10.75369
   1.62734    10.70810
   1.62944    10.66379
   1.63153    10.62004
   1.63363    10.57541
   1.63572    10.52849
   1.63782    10.47863
   1.63991    10.42636
   1.64201    10.37331
   1.64410    10.32139
   1.64619    10.27191
   1.64829    10.22496
   1.65038    10.17951
   1.65248    10.13407
   1.65457    10.08744
   1.65667    10.03938
   1.65876     9.99069
   1.66086     9.94275
   1.66295     9.89668
   1.66504     9.85268
   1.66714     9.80994
   1.66923     9.76707
   1.67133     9.72285
   1.67342     9.67687
   1.67552     9.62988
   1.67761     9.58341
   1.67970     9.53906
   1.68180     9.49770
   1.68389     9.45912
   1.68599     9.42230
   1.68808     9.38594
   1.69018     9.34913
   1.69227     9.31172
   1.69437     9.27427
   1.69646     9.23755
   1.69855     9.20197
   1.70065     9.16716
   1.70274     9.13211
   1.70484     9.09555
   1.70693     9.05662
   1.70903     9.01526
   1.71112     8.97232
   1.71322     8.92904
   1.71531     8.88635
   1.71740     8.84428
   1.71950     8.80193
   1.72159     8.75785
   1.72369     8.71084
   1.72578     8.66060
   1.72788     8.60797
   1.72997     8.55461
   1.73206     8.50209
   1.73416     8.45110
   1.73625     8.40103
   1.73835     8.35042
   1.74044     8.29768
   1.74254     8.24204
   1.74463     8.18401
   1.74673     8.12531
   1.74882     8.06798
   1.75091     8.01340
   1.75301     7.96164
   1.75510     7.91152
   1.75720     7.86137
   1.75929     7.80982
   1.76139     7.75654
   1.76348     7.70229
   1.76558     7.64848
   1.76767     7.59616
   1.76976     7.54537
   1.77186     7.49502
   1.77395     7.44339
   1.77605     7.38903
   1.77814     7.33152
   1.78024     7.27181
   1.78233     7.21178
   1.78442     7.15331
   1.78652     7.09725
   1.78861     7.04305
   1.79071     6.98914
   1.79280     6.93371
   1.79490     6.87569
   1.79699     6.81526
   1.79909     6.75370
   1.80118     6.69264
   1.80327     6.63293
   1.80537     6.57412
   1.80746     6.51458
   1.80956     6.45230
   1.81165     6.38597
   1.81375     6.31576
   1.81584     6.24343
   1.81793     6.17155
   1.82003     6.10222
   1.82212     6.03603
   1.82422     5.97194
   1.82631     5.90794
   1.82841     5.84213
   1.83050     5.77376
   1.83260     5.70367
   1.83469     5.63381
   1.83678     5.56619
   1.83888     5.50169
   1.84097     5.43965
   1.84307     5.37826
   1.84516     5.31553
   1.84726     5.25035
   1.84935     5.18313
   1.85145     5.11565
   1.85354     5.05016
   1.85563     4.98814
   1.85773     4.92964
   1.85982     4.87334
   1.86192     4.81729
   1.86401     4.75992
   1.86611     4.70074
   1.86820     4.64051
   1.87029     4.58067
   1.87239     4.52226
   1.87448     4.46521
   1.87658     4.40821
   1.87867     4.34930
   1.88077     4.28684
   1.88286     4.22043
   1.88496     4.15123
   1.88705     4.08150
   1.88914     4.01346
   1.89124     3.94815
   1.89333     3.88496
   1.89543     3.82209
   1.89752     3.75752
   1.89962     3.69010
   1.90171     3.62021
   1.90381     3.54962
   1.90590     3.48052
   1.90799     3.41429
   1.91009     3.35079
   1.91218     3.28848
   1.91428     3.22528
   1.91637     3.15965
   1.91847     3.09145
   1.92056     3.02207
   1.92265     2.95375
   1.92475     2.88830
   1.92684     2.82623
   1.92894     2.76651
   1.93103     2.70724
   1.93313     2.64664
   1.93522     2.58403
   1.93732     2.52015
   1.93941     2.45687
   1.94150     2.39609
   1.94360     2.33873
   1.94569     2.28432
   1.94779     2.23131
   1.94988     2.17793
   1.95198     2.12308
   1.95407     2.06689
   1.95617     2.01061
   1.95826     1.95590
   1.96035     1.90378
   1.96245     1.85413
   1.96454     1.80574
   1.96664     1.75697
   1.96873     1.70660
   1.97083     1.65446
   1.97292     1.60159
   1.97501     1.54964
   1.97711     1.50001
   1.97920     1.45306
   1.98130     1.40804
   1.98339     1.36350
   1.98549     1.31811
   1.98758     1.27132
   1.98968     1.22370
   1.99177     1.17662
   1.99386     1.13150
   1.99596     1.08905
   1.99805     1.04895
   2.00015     1.01008
   2.00224     0.97114
   2.00434     0.93136
   2.00643     0.89086
   2.00852     0.85063
   2.01062     0.81194
   2.01271     0.77568
   2.01481     0.74192
   2.01690     0.70991
   2.01900     0.67857
   2.02109     0.64704
   2.02319     0.61507
   2.02528     0.58315
   2.02737     0.55219
   2.02947     0.52299
   2.03156     0.49576
   2.03366     0.47008
   2.03575     0.44514
   2.03785     0.42015
   2.03994     0.39479
   2.04204     0.36935
   2.04413     0.34458
   2.04622     0.32130
   2.04832     0.29998
   2.05041     0.28056
   2.05251     0.26253
   2.05460     0.24526
   2.05670     0.22828
   2.05879     0.21150
   2.06088     0.19516
   2.06298     0.17968
   2.06507     0.16533
   2.06717     0.15210
   2.06926     0.13967
   2.07136     0.12764
   2.07345     0.11566
   2.07555     0.10368
   2.07764     0.09194
   2.07973     0.08086
   2.08183     0.07087
   2.08392     0.06215
   2.08602     0.05469
   2.08811     0.04826
   2.09021     0.04259
   2.09230     0.03748
   2.09440     0.03280
   2.09649     0.02856
   2.09858     0.02478
   2.10068     0.02146
   2.10277     0.01858
   2.10487     0.01604
   2.10696     0.01376
   2.10906     0.01171
   2.11115     0.00993
   2.11324     0.00855
   2.11534     0.00775
   2.11743     0.00774
   2.11953     0.00869
   2.12162     0.01075
   2.12372     0.01398
   2.12581     0.01837
   2.12791     0.02376
   2.13000     0.02986
   2.13209     0.03640
   2.13419     0.04314
   2.13628     0.05007
   2.13838     0.05731
   2.14047     0.06511
   2.14257     0.07366
   2.14466     0.08299
   2.14675     0.09294
   2.14885     0.10322
   2.15094     0.11356
   2.15304     0.12388
   2.15513     0.13434
   2.15723     0.14530
   2.15932     0.15706
   2.16142     0.16977
   2.16351     0.18325
   2.16560     0.19708
   2.16770     0.21074
   2.16979     0.22392
   2.17189     0.23660
   2.17398     0.24908
   2.17608     0.26178
   2.17817     0.27501
   2.18027     0.28882
   2.18236     0.30298
   2.18445     0.31709
   2.18655     0.33084
   2.18864     0.34421
   2.19074     0.35748
   2.19283     0.37110
   2.19493     0.38544
   2.19702     0.40061
   2.19911     0.41638
   2.20121     0.43223
   2.20330     0.44768
   2.20540     0.46251
   2.20749     0.47686
   2.20959     0.49115
   2.21168     0.50587
   2.21378     0.52128
   2.21587     0.53735
   2.21796     0.55373
   2.22006     0.56998
   2.22215     0.58588
   2.22425     0.60155
   2.22634     0.61742
   2.22844     0.63403
   2.23053     0.65173
   2.23263     0.67048
   2.23472     0.68982
   2.23681     0.70908
   2.23891     0.72770
   2.24100     0.74553
   2.24310     0.76288
   2.24519     0.78028
   2.24729     0.79824
   2.24938     0.81694
   2.25147     0.83613
   2.25357     0.85521
   2.25566     0.87362
   2.25776     0.89107
   2.25985     0.90772
   2.26195     0.92403
   2.26404     0.94056
   2.26614     0.95765
   2.26823     0.97526
   2.27032     0.99302
   2.27242     1.01045
   2.27451     1.02726
   2.27661     1.04356
   2.27870     1.05975
   2.28080     1.07641
   2.28289     1.09390
   2.28499     1.11225
   2.28708     1.13103
   2.28917     1.14963
   2.29127     1.16754
   2.29336     1.18462
   2.29546     1.20116
   2.29755     1.21769
   2.29965     1.23469
   2.30174     1.25234
   2.30383     1.27041
   2.30593     1.28837
   2.30802     1.30567
   2.31012     1.32206
   2.31221     1.33766
   2.31431     1.35293
   2.31640     1.36836
   2.31850     1.38425
   2.32059     1.40053
   2.32268     1.41678
   2.32478     1.43249
   2.32687     1.44730
   2.32897     1.46120
   2.33106     1.47451
   2.33316     1.48769
   2.33525     1.50110
   2.33734     1.51488
   2.33944     1.52884
   2.34153     1.54265
   2.34363     1.55606
   2.34572     1.56906
   2.34782     1.58194
   2.34991     1.59516
   2.35201     1.60908
   2.35410     1.62382
   2.35619     1.63916
   2.35829     1.65462
   2.36038     1.66975
   2.36248     1.68434
   2.36457     1.69855
   2.36667     1.71281
   2.36876     1.72756
   2.37086     1.74304
   2.37295     1.75913
   2.37504     1.77537
   2.37714     1.79123
   2.37923     1.80634
   2.38133     1.82070
   2.38342     1.83461
   2.38552     1.84855
   2.38761     1.86284
   2.38970     1.87752
   2.39180     1.89229
   2.39389     1.90665
   2.39599     1.92015
   2.39808     1.93264
   2.40018     1.94428
   2.40227     1.95543
   2.40437     1.96648
   2.40646     1.97763
   2.40855     1.98884
   2.41065     1.99989
   2.41274     2.01054
   2.41484     2.02072
   2.41693     2.03057
   2.41903     2.04040
   2.42112     2.05055
   2.42322     2.06119
   2.42531     2.07225
   2.42740     2.08344
   2.42950     2.09442
   2.43159     2.10494
   2.43369     2.11504
   2.43578     2.12497
   2.43788     2.13507
   2.43997     2.14561
   2.44206     2.15666
   2.44416     2.16805
   2.44625     2.17953
   2.44835     2.19090
   2.45044     2.20220
   2.45254     2.21371
   2.45463     2.22583
   2.45673     2.23884
   2.45882     2.25281
   2.46091     2.26741
   2.46301     2.28210
   2.46510     2.29633
   2.46720     2.30983
   2.46929     2.32267
   2.47139     2.33519
   2.47348     2.34781
   2.47558     2.36080
   2.47767     2.37418
   2.47976     2.38769
   2.48186     2.40101
   2.48395     2.41397
   2.48605     2.42669
   2.48814     2.43952
   2.49024     2.45290
   2.49233     2.46714
   2.49442     2.48222
   2.49652     2.49778
   2.49861     2.51330
   2.50071     2.52838
   2.50280     2.54292
   2.50490     2.55720
   2.50699     2.57169
   2.50909     2.58684
   2.51118     2.60287
   2.51327     2.61965
   2.51537     2.63683
   2.51746     2.65409
   2.51956     2.67140
   2.52165     2.68914
   2.52375     2.70788
   2.52584     2.72819
   2.52793     2.75026
   2.53003     2.77371
   2.53212     2.79771
   2.53422     2.82127
   2.53631     2.84373
   2.53841     2.86498
   2.54050     2.88546
   2.54260     2.90582
   2.54469     2.92662
   2.54678     2.94800
   2.54888     2.96964
   2.55097     2.99096
   2.55307     3.01153
   2.55516     3.03128
   2.55726     3.05063
   2.55935     3.07023
   2.56145     3.09066
   2.56354     3.11214
   2.56563     3.13437
   2.56773     3.15673
   2.56982     3.17860
   2.57192     3.19973
   2.57401     3.22038
   2.57611     3.24119
   2.57820     3.26284
   2.58029     3.28573
   2.58239     3.30975
   2.58448     3.33432
   2.58658     3.35880
   2.58867     3.38281
   2.59077     3.40654
   2.59286     3.43062
   2.59496     3.45588
   2.59705     3.48282
   2.59914     3.51136
   2.60124     3.54077
   2.60333     3.56998
   2.60543     3.59813
   2.60752     3.62496
   2.60962     3.65089
   2.61171     3.67677
   2.61381     3.70343
   2.61590     3.73126
   2.61799     3.76011
   2.62009     3.78938
   2.62218     3.81855
   2.62428     3.84755
   2.62637     3.87694
   2.62847     3.90771
   2.63056     3.94077
   2.63265     3.97645
   2.63475     4.01419
   2.63684     4.05262
   2.63894     4.09015
   2.64103     4.12568
   2.64313     4.15899
   2.64522     4.19073
   2.64732     4.22191
   2.64941     4.25342
   2.65150     4.28550
   2.65360     4.31772
   2.65569     4.34925
   2.65779     4.37943
   2.65988     4.40814
   2.66198     4.43593
   2.66407     4.46374
   2.66616     4.49236
   2.66826     4.52208
   2.67035     4.55244
   2.67245     4.58247
   2.67454     4.61117
   2.67664     4.63800
   2.67873     4.66309
   2.68083     4.68711
   2.68292     4.71090
   2.68501     4.73498
   2.68711     4.75938
   2.68920     4.78363
   2.69130     4.80709
   2.69339     4.82934
   2.69549     4.85048
   2.69758     4.87106
   2.69968     4.89183
   2.70177     4.91339
   2.70386     4.93594
   2.70596     4.95923
   2.70805     4.98282
   2.71015     5.00642
   2.71224     5.03019
   2.71434     5.05478
   2.71643     5.08107
   2.71852     5.10971
   2.72062     5.14073
   2.72271     5.17342
   2.72481     5.20653
   2.72690     5.23887
   2.72900     5.26981
   2.73109     5.29955
   2.73319     5.32888
   2.73528     5.35870
   2.73737     5.38953
   2.73947     5.42114
   2.74156     5.45265
   2.74366     5.48295
   2.74575     5.51124
   2.74785     5.53741
   2.74994     5.56198
   2.75204     5.58575
   2.75413     5.60943
   2.75622     5.63322
   2.75832     5.65680
   2.76041     5.67953
   2.76251     5.70083
   2.76460     5.72055
   2.76670     5.73897
   2.76879     5.75670
   2.77088     5.77429
   2.77298     5.79201
   2.77507     5.80969
   2.77717     5.82681
   2.77926     5.84283
   2.78136     5.85742
   2.78345     5.87064
   2.78555     5.88282
   2.78764     5.89441
   2.78973     5.90576
   2.79183     5.91697
   2.79392     5.92792
   2.79602     5.93842
   2.79811     5.94835
   2.80021     5.95778
   2.80230     5.96699
   2.80440     5.97631
   2.80649     5.98601
   2.80858     5.99615
   2.81068     6.00659
   2.81277     6.01706
   2.81487     6.02739
   2.81696     6.03761
   2.81906     6.04795
   2.82115     6.05876
   2.82324     6.07034
   2.82534     6.08272
   2.82743     6.09566
   2.82953     6.10869
   2.83162     6.12136
   2.83372     6.13344
   2.83581     6.14499
   2.83791     6.15632
   2.84000     6.16775
   2.84209     6.17945
   2.84419     6.19127
   2.84628     6.20277
   2.84838     6.21342
   2.85047     6.22276
   2.85257     6.23059
   2.85466     6.23697
   2.85675     6.24213
   2.85885     6.24637
   2.86094     6.24996
   2.86304     6.25315
   2.86513     6.25612
   2.86723     6.25906
   2.86932     6.26216
   2.87142     6.26561
   2.87351     6.26961
   2.87560     6.27428
   2.87770     6.27967
   2.87979     6.28570
   2.88189     6.29225
   2.88398     6.29922
   2.88608     6.30668
   2.88817     6.31481
   2.89027     6.32387
   2.89236     6.33402
   2.89445     6.34516
   2.89655     6.35682
   2.89864     6.36815
   2.90074     6.37820
   2.90283     6.38610
   2.90493     6.39130
   2.90702     6.39357
   2.90911     6.39299
   2.91121     6.38990
   2.91330     6.38487
   2.91540     6.37868
   2.91749     6.37214
   2.91959     6.36595
   2.92168     6.36059
   2.92378     6.35624
   2.92587     6.35288
   2.92796     6.35036
   2.93006     6.34847
   2.93215     6.34703
   2.93425     6.34584
   2.93634     6.34475
   2.93844     6.34361
   2.94053     6.34234
   2.94263     6.34085
   2.94472     6.33918
   2.94681     6.33745
   2.94891     6.33593
   2.95100     6.33502
   2.95310     6.33522
   2.95519     6.33704
   2.95729     6.34094
   2.95938     6.34729
   2.96147     6.35620
   2.96357     6.36744
   2.96566     6.38030
   2.96776     6.39361
   2.96985     6.40591
   2.97195     6.41584
   2.97404     6.42234
   2.97614     6.42483
   2.97823     6.42314
   2.98032     6.41744
   2.98242     6.40829
   2.98451     6.39648
   2.98661     6.38294
   2.98870     6.36842
   2.99080     6.35329
   2.99289     6.33747
   2.99498     6.32056
   2.99708     6.30218
   2.99917     6.28223
   3.00127     6.26115
   3.00336     6.23983
   3.00546     6.21930
   3.00755     6.20033
   3.00965     6.18320
   3.01174     6.16772
   3.01383     6.15346
   3.01593     6.14005
   3.01802     6.12742
   3.02012     6.11585
   3.02221     6.10593
   3.02431     6.09826
   3.02640     6.09334
   3.02850     6.09139
   3.03059     6.09239
   3.03268     6.09607
   3.03478     6.10185
   3.03687     6.10893
   3.03897     6.11633
   3.04106     6.12312
   3.04316     6.12857
   3.04525     6.13229
   3.04734     6.13420
   3.04944     6.13447
   3.05153     6.13352
   3.05363     6.13199
   3.05572     6.13069
   3.05782     6.13051
   3.05991     6.13231
   3.06201     6.13686
   3.06410     6.14471
   3.06619     6.15612
   3.06829     6.17094
   3.07038     6.18848
   3.07248     6.20752
   3.07457     6.22665
   3.07667     6.24464
   3.07876     6.26074
   3.08086     6.27477
   3.08295     6.28695
   3.08504     6.29757
   3.08714     6.30676
   3.08923     6.31433
   3.09133     6.31978
   3.09342     6.32243
   3.09552     6.32157
   3.09761     6.31661
   3.09970     6.30717
   3.10180     6.29331
   3.10389     6.27563
   3.10599     6.25545
   3.10808     6.23468
   3.11018     6.21542
   3.11227     6.19948
   3.11437     6.18804
   3.11646     6.18163
   3.11855     6.18016
   3.12065     6.18308
   3.12274     6.18936
   3.12484     6.19768
   3.12693     6.20666
   3.12903     6.21521
   3.13112     6.22269
   3.13322     6.22891
   3.13531     6.23398
   3.13740     6.23809
   3.13950     6.24148
# </ AnglePotential>
