# <PairPotential>
   0.00000  5920.63555
   0.00100  5909.95309
   0.00200  5897.61204
   0.00300  5883.14341
   0.00400  5865.94742
   0.00500  5845.32126
   0.00600  5820.54773
   0.00700  5791.06520
   0.00800  5756.70775
   0.00900  5717.94080
   0.01000  5675.95210
   0.01100  5632.46728
   0.01200  5589.29500
   0.01300  5547.79632
   0.01400  5508.54101
   0.01500  5471.29208
   0.01600  5435.27091
   0.01700  5399.55204
   0.01800  5363.43765
   0.01900  5326.70166
   0.02000  5289.63426
   0.02100  5252.87494
   0.02200  5217.10476
   0.02300  5182.73570
   0.02400  5149.73100
   0.02500  5117.61603
   0.02600  5085.65306
   0.02700  5053.10498
   0.02800  5019.49993
   0.02900  4984.81017
   0.03000  4949.47172
   0.03100  4914.21925
   0.03200  4879.79332
   0.03300  4846.64721
   0.03400  4814.78020
   0.03500  4783.75423
   0.03600  4752.86775
   0.03700  4721.41426
   0.03800  4688.94046
   0.03900  4655.42065
   0.04000  4621.27653
   0.04100  4587.21814
   0.04200  4553.96123
   0.04300  4521.94408
   0.04400  4491.16647
   0.04500  4461.20566
   0.04600  4431.38435
   0.04700  4401.02024
   0.04800  4369.67538
   0.04900  4337.32453
   0.05000  4304.37433
   0.05100  4271.50986
   0.05200  4239.42191
   0.05300  4208.53371
   0.05400  4178.84548
   0.05500  4149.94983
   0.05600  4121.19368
   0.05700  4091.91895
   0.05800  4061.70304
   0.05900  4030.52115
   0.06000  3998.76487
   0.06100  3967.09431
   0.06200  3936.17532
   0.06300  3906.41606
   0.06400  3877.81722
   0.06500  3849.98673
   0.06600  3822.29574
   0.06700  3794.11040
   0.06800  3765.02344
   0.06900  3735.01050
   0.07000  3704.44814
   0.07100  3673.97150
   0.07200  3644.22147
   0.07300  3615.59115
   0.07400  3588.08170
   0.07500  3561.31637
   0.07600  3534.69054
   0.07700  3507.59458
   0.07800  3479.63656
   0.07900  3450.79259
   0.08000  3421.42414
   0.08100  3392.14142
   0.08200  3363.56034
   0.08300  3336.05897
   0.08400  3309.63890
   0.08500  3283.93874
   0.08600  3258.37807
   0.08700  3232.37150
   0.08800  3205.54242
   0.08900  3177.86740
   0.09000  3149.69287
   0.09100  3121.60407
   0.09200  3094.19195
   0.09300  3067.81953
   0.09400  3042.48884
   0.09500  3017.85384
   0.09600  2993.35833
   0.09700  2968.44114
   0.09800  2942.74101
   0.09900  2916.23495
   0.10000  2889.25434
   0.10100  2862.35945
   0.10200  2836.11630
   0.10300  2810.87282
   0.10400  2786.63151
   0.10500  2763.06167
   0.10600  2739.63132
   0.10700  2715.80352
   0.10800  2691.23234
   0.10900  2665.89523
   0.11000  2640.10854
   0.11100  2614.40757
   0.11200  2589.33337
   0.11300  2565.21884
   0.11400  2542.06692
   0.11500  2519.56224
   0.11600  2497.19705
   0.11700  2474.45863
   0.11800  2451.01639
   0.11900  2426.84825
   0.12000  2402.25547
   0.12100  2377.74842
   0.12200  2353.84318
   0.12300  2330.85759
   0.12400  2308.79506
   0.12500  2287.35553
   0.12600  2266.05551
   0.12700  2244.40648
   0.12800  2222.09318
   0.12900  2199.09400
   0.13000  2175.69513
   0.13100  2152.38200
   0.13200  2129.64572
   0.13300  2107.78907
   0.13400  2086.81593
   0.13500  2066.44157
   0.13600  2046.20670
   0.13700  2025.64705
   0.13800  2004.46270
   0.13900  1982.63248
   0.14000  1960.42753
   0.14100  1938.30832
   0.14200  1916.74099
   0.14300  1896.01329
   0.14400  1876.12953
   0.14500  1856.82033
   0.14600  1837.65062
   0.14700  1818.18036
   0.14800  1798.12496
   0.14900  1777.46369
   0.15000  1756.45266
   0.15100  1735.52736
   0.15200  1715.12900
   0.15300  1695.53024
   0.15400  1676.73587
   0.15500  1658.49183
   0.15600  1640.38728
   0.15700  1622.00641
   0.15800  1603.07995
   0.15900  1583.58763
   0.16000  1563.77052
   0.16100  1544.03914
   0.16200  1524.80974
   0.16300  1506.33993
   0.16400  1488.63494
   0.16500  1471.45606
   0.16600  1454.41667
   0.16700  1437.12518
   0.16800  1419.32767
   0.16900  1401.00431
   0.17000  1382.38112
   0.17100  1363.84366
   0.17200  1345.78321
   0.17300  1328.44234
   0.17400  1311.82674
   0.17500  1295.71302
   0.17600  1279.73879
   0.17700  1263.53669
   0.17800  1246.86812
   0.17900  1229.71372
   0.18000  1212.28445
   0.18100  1194.94090
   0.18200  1178.04941
   0.18300  1161.83749
   0.18400  1146.31127
   0.18500  1131.26271
   0.18600  1116.35365
   0.18700  1101.24093
   0.18800  1085.70130
   0.18900  1069.71587
   0.19000  1053.48051
   0.19100  1037.33088
   0.19200  1021.60835
   0.19300  1006.52537
   0.19400   992.08854
   0.19500   978.10514
   0.19600   964.26124
   0.19700   950.23790
   0.19800   935.82722
   0.19900   921.01074
   0.20000   905.96930
   0.20100   891.01359
   0.20200   876.46002
   0.20300   862.50599
   0.20400   849.15854
   0.20500   836.24030
   0.20600   823.46156
   0.20700   810.52761
   0.20800   797.24587
   0.20900   783.59835
   0.21000   769.75083
   0.21100   755.98904
   0.21200   742.60442
   0.21300   729.77933
   0.21400   717.52127
   0.21500   705.66819
   0.21600   693.95461
   0.21700   682.11005
   0.21800   669.95726
   0.21900   657.47870
   0.22000   644.82509
   0.22100   632.25721
   0.22200   620.04156
   0.22300   608.34541
   0.22400   597.17674
   0.22500   586.38882
   0.22600   575.74040
   0.22700   564.98522
   0.22800   553.96137
   0.22900   542.65177
   0.23000   531.19208
   0.23100   519.81812
   0.23200   508.77142
   0.23300   498.20423
   0.23400   488.12493
   0.23500   478.40218
   0.23600   468.81892
   0.23700   459.15313
   0.23800   449.25822
   0.23900   439.11758
   0.24000   428.85181
   0.24100   418.67177
   0.24200   408.79403
   0.24300   399.35577
   0.24400   390.36586
   0.24500   381.70827
   0.24600   373.19017
   0.24700   364.61376
   0.24800   355.84780
   0.24900   346.87612
   0.25000   337.80427
   0.25100   328.81814
   0.25200   320.10936
   0.25300   311.80005
   0.25400   303.89953
   0.25500   296.30709
   0.25600   288.85416
   0.25700   281.36713
   0.25800   273.73012
   0.25900   265.92739
   0.26000   258.04946
   0.26100   250.25725
   0.26200   242.71742
   0.26300   235.53706
   0.26400   228.72592
   0.26500   222.19865
   0.26600   215.81087
   0.26700   209.41324
   0.26800   202.90517
   0.26900   196.27140
   0.27000   189.58738
   0.27100   182.98909
   0.27200   176.61822
   0.27300   170.56680
   0.27400   164.84505
   0.27500   159.38294
   0.27600   154.06032
   0.27700   148.75207
   0.27800   143.37295
   0.27900   137.90814
   0.28000   132.41803
   0.28100   127.01366
   0.28200   121.81176
   0.28300   116.88928
   0.28400   112.25691
   0.28500   107.85996
   0.28600   103.60251
   0.28700    99.38364
   0.28800    95.13346
   0.28900    90.83761
   0.29000    86.54142
   0.29100    82.33097
   0.29200    78.29802
   0.29300    74.50449
   0.29400    70.96151
   0.29500    67.62972
   0.29600    64.43742
   0.29700    61.30794
   0.29800    58.18671
   0.29900    55.05981
   0.30000    51.95754
   0.30100    48.94101
   0.30200    46.07702
   0.30300    43.41243
   0.30400    40.95884
   0.30500    38.69220
   0.30600    36.56507
   0.30700    34.52496
   0.30800    32.53266
   0.30900    30.57469
   0.31000    28.66626
   0.31100    26.84348
   0.31200    25.14809
   0.31300    23.61173
   0.31400    22.24611
   0.31500    21.04194
   0.31600    19.97498
   0.31700    19.01539
   0.31800    18.13674
   0.31900    17.32240
   0.32000    16.56754
   0.32100    15.87685
   0.32200    15.25925
   0.32300    14.72213
   0.32400    14.26753
   0.32500    13.89114
   0.32600    13.58367
   0.32700    13.33309
   0.32800    13.12680
   0.32900    12.95312
   0.33000    12.80188
   0.33100    12.66436
   0.33200    12.53281
   0.33300    12.39988
   0.33400    12.25834
   0.33500    12.10118
   0.33600    11.92228
   0.33700    11.71743
   0.33800    11.48554
   0.33900    11.22936
   0.34000    10.95518
   0.34100    10.67125
   0.34200    10.38526
   0.34300    10.10185
   0.34400     9.82136
   0.34500     9.54017
   0.34600     9.25237
   0.34700     8.95237
   0.34800     8.63738
   0.34900     8.30916
   0.35000     7.97418
   0.35100     7.64202
   0.35200     7.32242
   0.35300     7.02237
   0.35400     6.74431
   0.35500     6.48624
   0.35600     6.24307
   0.35700     6.00888
   0.35800     5.77894
   0.35900     5.55120
   0.36000     5.32662
   0.36100     5.10828
   0.36200     4.89966
   0.36300     4.70287
   0.36400     4.51763
   0.36500     4.34126
   0.36600     4.16962
   0.36700     3.99850
   0.36800     3.82507
   0.36900     3.64877
   0.37000     3.47149
   0.37100     3.29677
   0.37200     3.12830
   0.37300     2.96849
   0.37400     2.81760
   0.37500     2.67378
   0.37600     2.53387
   0.37700     2.39455
   0.37800     2.25358
   0.37900     2.11053
   0.38000     1.96695
   0.38100     1.82574
   0.38200     1.68992
   0.38300     1.56153
   0.38400     1.44083
   0.38500     1.32641
   0.38600     1.21577
   0.38700     1.10627
   0.38800     0.99606
   0.38900     0.88471
   0.39000     0.77336
   0.39100     0.66417
   0.39200     0.55945
   0.39300     0.46074
   0.39400     0.36826
   0.39500     0.28094
   0.39600     0.19688
   0.39700     0.11406
   0.39800     0.03108
   0.39900    -0.05238
   0.40000    -0.13546
   0.40100    -0.21650
   0.40200    -0.29371
   0.40300    -0.36582
   0.40400    -0.43258
   0.40500    -0.49467
   0.40600    -0.55344
   0.40700    -0.61039
   0.40800    -0.66667
   0.40900    -0.72275
   0.41000    -0.77838
   0.41100    -0.83278
   0.41200    -0.88508
   0.41300    -0.93477
   0.41400    -0.98197
   0.41500    -1.02737
   0.41600    -1.07203
   0.41700    -1.11698
   0.41800    -1.16286
   0.41900    -1.20968
   0.42000    -1.25675
   0.42100    -1.30293
   0.42200    -1.34703
   0.42300    -1.38819
   0.42400    -1.42615
   0.42500    -1.46124
   0.42600    -1.49417
   0.42700    -1.52581
   0.42800    -1.55682
   0.42900    -1.58757
   0.43000    -1.61799
   0.43100    -1.64776
   0.43200    -1.67653
   0.43300    -1.70412
   0.43400    -1.73068
   0.43500    -1.75667
   0.43600    -1.78272
   0.43700    -1.80943
   0.43800    -1.83713
   0.43900    -1.86575
   0.44000    -1.89482
   0.44100    -1.92359
   0.44200    -1.95129
   0.44300    -1.97737
   0.44400    -2.00167
   0.44500    -2.02441
   0.44600    -2.04606
   0.44700    -2.06713
   0.44800    -2.08803
   0.44900    -2.10890
   0.45000    -2.12960
   0.45100    -2.14981
   0.45200    -2.16917
   0.45300    -2.18745
   0.45400    -2.20464
   0.45500    -2.22097
   0.45600    -2.23679
   0.45700    -2.25246
   0.45800    -2.26817
   0.45900    -2.28391
   0.46000    -2.29939
   0.46100    -2.31415
   0.46200    -2.32767
   0.46300    -2.33954
   0.46400    -2.34951
   0.46500    -2.35756
   0.46600    -2.36381
   0.46700    -2.36849
   0.46800    -2.37188
   0.46900    -2.37428
   0.47000    -2.37597
   0.47100    -2.37723
   0.47200    -2.37829
   0.47300    -2.37935
   0.47400    -2.38058
   0.47500    -2.38211
   0.47600    -2.38404
   0.47700    -2.38640
   0.47800    -2.38918
   0.47900    -2.39231
   0.48000    -2.39565
   0.48100    -2.39903
   0.48200    -2.40228
   0.48300    -2.40528
   0.48400    -2.40794
   0.48500    -2.41026
   0.48600    -2.41225
   0.48700    -2.41396
   0.48800    -2.41544
   0.48900    -2.41670
   0.49000    -2.41776
   0.49100    -2.41860
   0.49200    -2.41919
   0.49300    -2.41950
   0.49400    -2.41949
   0.49500    -2.41915
   0.49600    -2.41844
   0.49700    -2.41738
   0.49800    -2.41598
   0.49900    -2.41427
   0.50000    -2.41234
   0.50100    -2.41023
   0.50200    -2.40802
   0.50300    -2.40572
   0.50400    -2.40334
   0.50500    -2.40083
   0.50600    -2.39813
   0.50700    -2.39519
   0.50800    -2.39197
   0.50900    -2.38850
   0.51000    -2.38482
   0.51100    -2.38100
   0.51200    -2.37712
   0.51300    -2.37319
   0.51400    -2.36919
   0.51500    -2.36503
   0.51600    -2.36060
   0.51700    -2.35580
   0.51800    -2.35056
   0.51900    -2.34487
   0.52000    -2.33877
   0.52100    -2.33234
   0.52200    -2.32564
   0.52300    -2.31865
   0.52400    -2.31126
   0.52500    -2.30329
   0.52600    -2.29453
   0.52700    -2.28481
   0.52800    -2.27404
   0.52900    -2.26232
   0.53000    -2.24988
   0.53100    -2.23703
   0.53200    -2.22405
   0.53300    -2.21111
   0.53400    -2.19817
   0.53500    -2.18504
   0.53600    -2.17142
   0.53700    -2.15705
   0.53800    -2.14182
   0.53900    -2.12585
   0.54000    -2.10949
   0.54100    -2.09323
   0.54200    -2.07759
   0.54300    -2.06293
   0.54400    -2.04939
   0.54500    -2.03689
   0.54600    -2.02517
   0.54700    -2.01392
   0.54800    -2.00289
   0.54900    -1.99192
   0.55000    -1.98097
   0.55100    -1.97010
   0.55200    -1.95935
   0.55300    -1.94871
   0.55400    -1.93804
   0.55500    -1.92710
   0.55600    -1.91560
   0.55700    -1.90330
   0.55800    -1.89009
   0.55900    -1.87607
   0.56000    -1.86154
   0.56100    -1.84689
   0.56200    -1.83256
   0.56300    -1.81881
   0.56400    -1.80572
   0.56500    -1.79315
   0.56600    -1.78083
   0.56700    -1.76849
   0.56800    -1.75592
   0.56900    -1.74307
   0.57000    -1.73006
   0.57100    -1.71711
   0.57200    -1.70445
   0.57300    -1.69220
   0.57400    -1.68033
   0.57500    -1.66867
   0.57600    -1.65693
   0.57700    -1.64485
   0.57800    -1.63230
   0.57900    -1.61928
   0.58000    -1.60601
   0.58100    -1.59282
   0.58200    -1.58004
   0.58300    -1.56788
   0.58400    -1.55641
   0.58500    -1.54549
   0.58600    -1.53489
   0.58700    -1.52437
   0.58800    -1.51376
   0.58900    -1.50300
   0.59000    -1.49220
   0.59100    -1.48157
   0.59200    -1.47131
   0.59300    -1.46156
   0.59400    -1.45233
   0.59500    -1.44350
   0.59600    -1.43489
   0.59700    -1.42632
   0.59800    -1.41768
   0.59900    -1.40903
   0.60000    -1.40053
   0.60100    -1.39246
   0.60200    -1.38515
   0.60300    -1.37884
   0.60400    -1.37370
   0.60500    -1.36979
   0.60600    -1.36705
   0.60700    -1.36538
   0.60800    -1.36463
   0.60900    -1.36463
   0.61000    -1.36522
   0.61100    -1.36623
   0.61200    -1.36754
   0.61300    -1.36904
   0.61400    -1.37069
   0.61500    -1.37249
   0.61600    -1.37444
   0.61700    -1.37656
   0.61800    -1.37884
   0.61900    -1.38122
   0.62000    -1.38361
   0.62100    -1.38589
   0.62200    -1.38794
   0.62300    -1.38964
   0.62400    -1.39092
   0.62500    -1.39174
   0.62600    -1.39209
   0.62700    -1.39199
   0.62800    -1.39149
   0.62900    -1.39065
   0.63000    -1.38955
   0.63100    -1.38825
   0.63200    -1.38682
   0.63300    -1.38529
   0.63400    -1.38367
   0.63500    -1.38195
   0.63600    -1.38010
   0.63700    -1.37809
   0.63800    -1.37593
   0.63900    -1.37366
   0.64000    -1.37137
   0.64100    -1.36915
   0.64200    -1.36712
   0.64300    -1.36537
   0.64400    -1.36397
   0.64500    -1.36293
   0.64600    -1.36225
   0.64700    -1.36188
   0.64800    -1.36178
   0.64900    -1.36186
   0.65000    -1.36204
   0.65100    -1.36223
   0.65200    -1.36234
   0.65300    -1.36227
   0.65400    -1.36196
   0.65500    -1.36134
   0.65600    -1.36039
   0.65700    -1.35908
   0.65800    -1.35743
   0.65900    -1.35548
   0.66000    -1.35330
   0.66100    -1.35096
   0.66200    -1.34854
   0.66300    -1.34608
   0.66400    -1.34358
   0.66500    -1.34100
   0.66600    -1.33827
   0.66700    -1.33535
   0.66800    -1.33220
   0.66900    -1.32881
   0.67000    -1.32524
   0.67100    -1.32154
   0.67200    -1.31776
   0.67300    -1.31393
   0.67400    -1.31001
   0.67500    -1.30592
   0.67600    -1.30157
   0.67700    -1.29686
   0.67800    -1.29176
   0.67900    -1.28633
   0.68000    -1.28068
   0.68100    -1.27498
   0.68200    -1.26940
   0.68300    -1.26405
   0.68400    -1.25896
   0.68500    -1.25408
   0.68600    -1.24929
   0.68700    -1.24449
   0.68800    -1.23958
   0.68900    -1.23452
   0.69000    -1.22933
   0.69100    -1.22406
   0.69200    -1.21877
   0.69300    -1.21344
   0.69400    -1.20803
   0.69500    -1.20241
   0.69600    -1.19645
   0.69700    -1.19004
   0.69800    -1.18314
   0.69900    -1.17582
   0.70000    -1.16829
   0.70100    -1.16079
   0.70200    -1.15360
   0.70300    -1.14690
   0.70400    -1.14080
   0.70500    -1.13525
   0.70600    -1.13017
   0.70700    -1.12541
   0.70800    -1.12087
   0.70900    -1.11646
   0.71000    -1.11215
   0.71100    -1.10795
   0.71200    -1.10387
   0.71300    -1.09990
   0.71400    -1.09600
   0.71500    -1.09208
   0.71600    -1.08802
   0.71700    -1.08373
   0.71800    -1.07915
   0.71900    -1.07428
   0.72000    -1.06921
   0.72100    -1.06403
   0.72200    -1.05884
   0.72300    -1.05369
   0.72400    -1.04855
   0.72500    -1.04335
   0.72600    -1.03795
   0.72700    -1.03224
   0.72800    -1.02616
   0.72900    -1.01972
   0.73000    -1.01304
   0.73100    -1.00626
   0.73200    -0.99952
   0.73300    -0.99293
   0.73400    -0.98646
   0.73500    -0.98003
   0.73600    -0.97350
   0.73700    -0.96673
   0.73800    -0.95967
   0.73900    -0.95235
   0.74000    -0.94492
   0.74100    -0.93761
   0.74200    -0.93065
   0.74300    -0.92420
   0.74400    -0.91834
   0.74500    -0.91303
   0.74600    -0.90818
   0.74700    -0.90364
   0.74800    -0.89930
   0.74900    -0.89505
   0.75000    -0.89086
   0.75100    -0.88670
   0.75200    -0.88258
   0.75300    -0.87844
   0.75400    -0.87421
   0.75500    -0.86977
   0.75600    -0.86501
   0.75700    -0.85982
   0.75800    -0.85417
   0.75900    -0.84812
   0.76000    -0.84180
   0.76100    -0.83542
   0.76200    -0.82917
   0.76300    -0.82316
   0.76400    -0.81745
   0.76500    -0.81198
   0.76600    -0.80662
   0.76700    -0.80125
   0.76800    -0.79575
   0.76900    -0.79009
   0.77000    -0.78427
   0.77100    -0.77835
   0.77200    -0.77237
   0.77300    -0.76633
   0.77400    -0.76014
   0.77500    -0.75366
   0.77600    -0.74673
   0.77700    -0.73921
   0.77800    -0.73104
   0.77900    -0.72230
   0.78000    -0.71319
   0.78100    -0.70396
   0.78200    -0.69488
   0.78300    -0.68613
   0.78400    -0.67774
   0.78500    -0.66964
   0.78600    -0.66164
   0.78700    -0.65356
   0.78800    -0.64530
   0.78900    -0.63683
   0.79000    -0.62824
   0.79100    -0.61969
   0.79200    -0.61137
   0.79300    -0.60336
   0.79400    -0.59567
   0.79500    -0.58819
   0.79600    -0.58074
   0.79700    -0.57318
   0.79800    -0.56540
   0.79900    -0.55742
   0.80000    -0.54937
   0.80100    -0.54146
   0.80200    -0.53390
   0.80300    -0.52685
   0.80400    -0.52037
   0.80500    -0.51442
   0.80600    -0.50887
   0.80700    -0.50359
   0.80800    -0.49848
   0.80900    -0.49350
   0.81000    -0.48867
   0.81100    -0.48409
   0.81200    -0.47984
   0.81300    -0.47601
   0.81400    -0.47262
   0.81500    -0.46964
   0.81600    -0.46701
   0.81700    -0.46465
   0.81800    -0.46249
   0.81900    -0.46045
   0.82000    -0.45851
   0.82100    -0.45664
   0.82200    -0.45483
   0.82300    -0.45306
   0.82400    -0.45130
   0.82500    -0.44950
   0.82600    -0.44761
   0.82700    -0.44561
   0.82800    -0.44349
   0.82900    -0.44130
   0.83000    -0.43913
   0.83100    -0.43709
   0.83200    -0.43533
   0.83300    -0.43396
   0.83400    -0.43306
   0.83500    -0.43269
   0.83600    -0.43286
   0.83700    -0.43357
   0.83800    -0.43479
   0.83900    -0.43644
   0.84000    -0.43845
   0.84100    -0.44073
   0.84200    -0.44321
   0.84300    -0.44588
   0.84400    -0.44873
   0.84500    -0.45183
   0.84600    -0.45526
   0.84700    -0.45907
   0.84800    -0.46330
   0.84900    -0.46792
   0.85000    -0.47284
   0.85100    -0.47797
   0.85200    -0.48320
   0.85300    -0.48849
   0.85400    -0.49387
   0.85500    -0.49944
   0.85600    -0.50533
   0.85700    -0.51166
   0.85800    -0.51846
   0.85900    -0.52570
   0.86000    -0.53320
   0.86100    -0.54075
   0.86200    -0.54814
   0.86300    -0.55522
   0.86400    -0.56194
   0.86500    -0.56839
   0.86600    -0.57467
   0.86700    -0.58093
   0.86800    -0.58727
   0.86900    -0.59370
   0.87000    -0.60013
   0.87100    -0.60644
   0.87200    -0.61246
   0.87300    -0.61811
   0.87400    -0.62335
   0.87500    -0.62824
   0.87600    -0.63290
   0.87700    -0.63745
   0.87800    -0.64201
   0.87900    -0.64662
   0.88000    -0.65132
   0.88100    -0.65607
   0.88200    -0.66087
   0.88300    -0.66574
   0.88400    -0.67075
   0.88500    -0.67602
   0.88600    -0.68169
   0.88700    -0.68783
   0.88800    -0.69447
   0.88900    -0.70148
   0.89000    -0.70863
   0.89100    -0.71562
   0.89200    -0.72211
   0.89300    -0.72783
   0.89400    -0.73263
   0.89500    -0.73645
   0.89600    -0.73935
   0.89700    -0.74141
   0.89800    -0.74278
   0.89900    -0.74361
   0.90000    -0.74405
   0.90100    -0.74424
   0.90200    -0.74433
   0.90300    -0.74440
   0.90400    -0.74456
   0.90500    -0.74485
   0.90600    -0.74530
   0.90700    -0.74592
   0.90800    -0.74669
   0.90900    -0.74756
   0.91000    -0.74846
   0.91100    -0.74929
   0.91200    -0.74995
   0.91300    -0.75037
   0.91400    -0.75046
   0.91500    -0.75018
   0.91600    -0.74951
   0.91700    -0.74845
   0.91800    -0.74705
   0.91900    -0.74538
   0.92000    -0.74357
   0.92100    -0.74175
   0.92200    -0.74006
   0.92300    -0.73860
   0.92400    -0.73747
   0.92500    -0.73668
   0.92600    -0.73625
   0.92700    -0.73613
   0.92800    -0.73626
   0.92900    -0.73656
   0.93000    -0.73690
   0.93100    -0.73716
   0.93200    -0.73720
   0.93300    -0.73689
   0.93400    -0.73612
   0.93500    -0.73479
   0.93600    -0.73284
   0.93700    -0.73025
   0.93800    -0.72706
   0.93900    -0.72338
   0.94000    -0.71936
   0.94100    -0.71520
   0.94200    -0.71110
   0.94300    -0.70719
   0.94400    -0.70353
   0.94500    -0.70013
   0.94600    -0.69693
   0.94700    -0.69386
   0.94800    -0.69086
   0.94900    -0.68790
   0.95000    -0.68498
   0.95100    -0.68216
   0.95200    -0.67946
   0.95300    -0.67691
   0.95400    -0.67450
   0.95500    -0.67220
   0.95600    -0.66994
   0.95700    -0.66768
   0.95800    -0.66537
   0.95900    -0.66300
   0.96000    -0.66059
   0.96100    -0.65818
   0.96200    -0.65582
   0.96300    -0.65351
   0.96400    -0.65125
   0.96500    -0.64900
   0.96600    -0.64670
   0.96700    -0.64431
   0.96800    -0.64178
   0.96900    -0.63911
   0.97000    -0.63634
   0.97100    -0.63350
   0.97200    -0.63066
   0.97300    -0.62782
   0.97400    -0.62497
   0.97500    -0.62206
   0.97600    -0.61902
   0.97700    -0.61580
   0.97800    -0.61238
   0.97900    -0.60880
   0.98000    -0.60516
   0.98100    -0.60159
   0.98200    -0.59823
   0.98300    -0.59518
   0.98400    -0.59252
   0.98500    -0.59024
   0.98600    -0.58832
   0.98700    -0.58671
   0.98800    -0.58535
   0.98900    -0.58421
   0.99000    -0.58327
   0.99100    -0.58252
   0.99200    -0.58197
   0.99300    -0.58164
   0.99400    -0.58155
   0.99500    -0.58169
   0.99600    -0.58207
   0.99700    -0.58267
   0.99800    -0.58344
   0.99900    -0.58430
   1.00000    -0.58516
   1.00100    -0.58589
   1.00200    -0.58637
   1.00300    -0.58647
   1.00400    -0.58609
   1.00500    -0.58514
   1.00600    -0.58358
   1.00700    -0.58139
   1.00800    -0.57863
   1.00900    -0.57540
   1.01000    -0.57186
   1.01100    -0.56820
   1.01200    -0.56461
   1.01300    -0.56122
   1.01400    -0.55811
   1.01500    -0.55529
   1.01600    -0.55273
   1.01700    -0.55037
   1.01800    -0.54816
   1.01900    -0.54610
   1.02000    -0.54417
   1.02100    -0.54244
   1.02200    -0.54093
   1.02300    -0.53971
   1.02400    -0.53878
   1.02500    -0.53818
   1.02600    -0.53787
   1.02700    -0.53785
   1.02800    -0.53808
   1.02900    -0.53850
   1.03000    -0.53906
   1.03100    -0.53970
   1.03200    -0.54037
   1.03300    -0.54102
   1.03400    -0.54163
   1.03500    -0.54219
   1.03600    -0.54271
   1.03700    -0.54318
   1.03800    -0.54361
   1.03900    -0.54400
   1.04000    -0.54434
   1.04100    -0.54460
   1.04200    -0.54476
   1.04300    -0.54480
   1.04400    -0.54469
   1.04500    -0.54442
   1.04600    -0.54398
   1.04700    -0.54336
   1.04800    -0.54258
   1.04900    -0.54167
   1.05000    -0.54067
   1.05100    -0.53963
   1.05200    -0.53861
   1.05300    -0.53764
   1.05400    -0.53675
   1.05500    -0.53593
   1.05600    -0.53519
   1.05700    -0.53449
   1.05800    -0.53383
   1.05900    -0.53321
   1.06000    -0.53264
   1.06100    -0.53214
   1.06200    -0.53171
   1.06300    -0.53140
   1.06400    -0.53120
   1.06500    -0.53113
   1.06600    -0.53119
   1.06700    -0.53138
   1.06800    -0.53168
   1.06900    -0.53209
   1.07000    -0.53258
   1.07100    -0.53312
   1.07200    -0.53370
   1.07300    -0.53430
   1.07400    -0.53493
   1.07500    -0.53560
   1.07600    -0.53631
   1.07700    -0.53708
   1.07800    -0.53792
   1.07900    -0.53882
   1.08000    -0.53976
   1.08100    -0.54071
   1.08200    -0.54166
   1.08300    -0.54258
   1.08400    -0.54346
   1.08500    -0.54433
   1.08600    -0.54520
   1.08700    -0.54607
   1.08800    -0.54696
   1.08900    -0.54785
   1.09000    -0.54871
   1.09100    -0.54950
   1.09200    -0.55017
   1.09300    -0.55069
   1.09400    -0.55101
   1.09500    -0.55112
   1.09600    -0.55102
   1.09700    -0.55070
   1.09800    -0.55018
   1.09900    -0.54948
   1.10000    -0.54865
   1.10100    -0.54772
   1.10200    -0.54671
   1.10300    -0.54564
   1.10400    -0.54452
   1.10500    -0.54331
   1.10600    -0.54200
   1.10700    -0.54057
   1.10800    -0.53901
   1.10900    -0.53733
   1.11000    -0.53559
   1.11100    -0.53385
   1.11200    -0.53215
   1.11300    -0.53054
   1.11400    -0.52904
   1.11500    -0.52765
   1.11600    -0.52633
   1.11700    -0.52507
   1.11800    -0.52384
   1.11900    -0.52264
   1.12000    -0.52151
   1.12100    -0.52048
   1.12200    -0.51958
   1.12300    -0.51887
   1.12400    -0.51837
   1.12500    -0.51810
   1.12600    -0.51806
   1.12700    -0.51823
   1.12800    -0.51859
   1.12900    -0.51911
   1.13000    -0.51974
   1.13100    -0.52043
   1.13200    -0.52115
   1.13300    -0.52186
   1.13400    -0.52253
   1.13500    -0.52318
   1.13600    -0.52379
   1.13700    -0.52438
   1.13800    -0.52493
   1.13900    -0.52543
   1.14000    -0.52585
   1.14100    -0.52613
   1.14200    -0.52621
   1.14300    -0.52605
   1.14400    -0.52558
   1.14500    -0.52475
   1.14600    -0.52354
   1.14700    -0.52194
   1.14800    -0.51997
   1.14900    -0.51770
   1.15000    -0.51524
   1.15100    -0.51270
   1.15200    -0.51020
   1.15300    -0.50784
   1.15400    -0.50566
   1.15500    -0.50366
   1.15600    -0.50180
   1.15700    -0.50004
   1.15800    -0.49833
   1.15900    -0.49664
   1.16000    -0.49496
   1.16100    -0.49327
   1.16200    -0.49158
   1.16300    -0.48985
   1.16400    -0.48807
   1.16500    -0.48617
   1.16600    -0.48412
   1.16700    -0.48187
   1.16800    -0.47943
   1.16900    -0.47682
   1.17000    -0.47412
   1.17100    -0.47146
   1.17200    -0.46893
   1.17300    -0.46662
   1.17400    -0.46457
   1.17500    -0.46279
   1.17600    -0.46125
   1.17700    -0.45990
   1.17800    -0.45868
   1.17900    -0.45753
   1.18000    -0.45641
   1.18100    -0.45527
   1.18200    -0.45407
   1.18300    -0.45275
   1.18400    -0.45126
   1.18500    -0.44952
   1.18600    -0.44750
   1.18700    -0.44515
   1.18800    -0.44249
   1.18900    -0.43957
   1.19000    -0.43649
   1.19100    -0.43339
   1.19200    -0.43040
   1.19300    -0.42762
   1.19400    -0.42510
   1.19500    -0.42284
   1.19600    -0.42081
   1.19700    -0.41894
   1.19800    -0.41718
   1.19900    -0.41548
   1.20000    -0.41380
   1.20100    -0.41212
   1.20200    -0.41042
   1.20300    -0.40867
   1.20400    -0.40681
   1.20500    -0.40479
   1.20600    -0.40256
   1.20700    -0.40007
   1.20800    -0.39732
   1.20900    -0.39438
   1.21000    -0.39134
   1.21100    -0.38834
   1.21200    -0.38551
   1.21300    -0.38297
   1.21400    -0.38078
   1.21500    -0.37895
   1.21600    -0.37747
   1.21700    -0.37629
   1.21800    -0.37536
   1.21900    -0.37462
   1.22000    -0.37404
   1.22100    -0.37358
   1.22200    -0.37321
   1.22300    -0.37291
   1.22400    -0.37267
   1.22500    -0.37246
   1.22600    -0.37228
   1.22700    -0.37211
   1.22800    -0.37194
   1.22900    -0.37178
   1.23000    -0.37161
   1.23100    -0.37142
   1.23200    -0.37123
   1.23300    -0.37101
   1.23400    -0.37076
   1.23500    -0.37048
   1.23600    -0.37015
   1.23700    -0.36977
   1.23800    -0.36934
   1.23900    -0.36887
   1.24000    -0.36838
   1.24100    -0.36789
   1.24200    -0.36742
   1.24300    -0.36699
   1.24400    -0.36662
   1.24500    -0.36630
   1.24600    -0.36602
   1.24700    -0.36578
   1.24800    -0.36556
   1.24900    -0.36535
   1.25000    -0.36513
   1.25100    -0.36489
   1.25200    -0.36461
   1.25300    -0.36428
   1.25400    -0.36387
   1.25500    -0.36337
   1.25600    -0.36276
   1.25700    -0.36204
   1.25800    -0.36121
   1.25900    -0.36030
   1.26000    -0.35937
   1.26100    -0.35845
   1.26200    -0.35763
   1.26300    -0.35693
   1.26400    -0.35641
   1.26500    -0.35607
   1.26600    -0.35592
   1.26700    -0.35594
   1.26800    -0.35611
   1.26900    -0.35639
   1.27000    -0.35673
   1.27100    -0.35708
   1.27200    -0.35738
   1.27300    -0.35761
   1.27400    -0.35771
   1.27500    -0.35767
   1.27600    -0.35747
   1.27700    -0.35713
   1.27800    -0.35666
   1.27900    -0.35609
   1.28000    -0.35547
   1.28100    -0.35487
   1.28200    -0.35433
   1.28300    -0.35390
   1.28400    -0.35363
   1.28500    -0.35353
   1.28600    -0.35360
   1.28700    -0.35384
   1.28800    -0.35421
   1.28900    -0.35468
   1.29000    -0.35516
   1.29100    -0.35560
   1.29200    -0.35591
   1.29300    -0.35602
   1.29400    -0.35586
   1.29500    -0.35540
   1.29600    -0.35461
   1.29700    -0.35348
   1.29800    -0.35206
   1.29900    -0.35041
   1.30000    -0.34862
   1.30100    -0.34682
   1.30200    -0.34513
   1.30300    -0.34364
   1.30400    -0.34241
   1.30500    -0.34147
   1.30600    -0.34081
   1.30700    -0.34040
   1.30800    -0.34018
   1.30900    -0.34007
   1.31000    -0.34000
   1.31100    -0.33987
   1.31200    -0.33956
   1.31300    -0.33899
   1.31400    -0.33805
   1.31500    -0.33667
   1.31600    -0.33479
   1.31700    -0.33238
   1.31800    -0.32945
   1.31900    -0.32606
   1.32000    -0.32235
   1.32100    -0.31843
   1.32200    -0.31443
   1.32300    -0.31044
   1.32400    -0.30646
   1.32500    -0.30244
   1.32600    -0.29831
   1.32700    -0.29399
   1.32800    -0.28943
   1.32900    -0.28466
   1.33000    -0.27977
   1.33100    -0.27491
   1.33200    -0.27019
   1.33300    -0.26573
   1.33400    -0.26155
   1.33500    -0.25761
   1.33600    -0.25385
   1.33700    -0.25019
   1.33800    -0.24657
   1.33900    -0.24300
   1.34000    -0.23954
   1.34100    -0.23631
   1.34200    -0.23342
   1.34300    -0.23097
   1.34400    -0.22905
   1.34500    -0.22766
   1.34600    -0.22681
   1.34700    -0.22644
   1.34800    -0.22649
   1.34900    -0.22691
   1.35000    -0.22760
   1.35100    -0.22849
   1.35200    -0.22952
   1.35300    -0.23065
   1.35400    -0.23187
   1.35500    -0.23318
   1.35600    -0.23459
   1.35700    -0.23613
   1.35800    -0.23778
   1.35900    -0.23952
   1.36000    -0.24129
   1.36100    -0.24299
   1.36200    -0.24455
   1.36300    -0.24589
   1.36400    -0.24696
   1.36500    -0.24774
   1.36600    -0.24822
   1.36700    -0.24843
   1.36800    -0.24838
   1.36900    -0.24808
   1.37000    -0.24757
   1.37100    -0.24684
   1.37200    -0.24589
   1.37300    -0.24470
   1.37400    -0.24323
   1.37500    -0.24143
   1.37600    -0.23925
   1.37700    -0.23668
   1.37800    -0.23371
   1.37900    -0.23042
   1.38000    -0.22692
   1.38100    -0.22336
   1.38200    -0.21986
   1.38300    -0.21655
   1.38400    -0.21346
   1.38500    -0.21058
   1.38600    -0.20786
   1.38700    -0.20526
   1.38800    -0.20272
   1.38900    -0.20023
   1.39000    -0.19782
   1.39100    -0.19554
   1.39200    -0.19345
   1.39300    -0.19160
   1.39400    -0.19002
   1.39500    -0.18870
   1.39600    -0.18761
   1.39700    -0.18672
   1.39800    -0.18600
   1.39900    -0.18540
   1.40000    -0.18491
   1.40100    -0.18450
   1.40200    -0.18415
   1.40300    -0.18386
   1.40400    -0.18362
   1.40500    -0.18341
   1.40600    -0.18321
   1.40700    -0.18301
   1.40800    -0.18280
   1.40900    -0.18253
   1.41000    -0.18219
   1.41100    -0.18173
   1.41200    -0.18111
   1.41300    -0.18028
   1.41400    -0.17918
   1.41500    -0.17776
   1.41600    -0.17596
   1.41700    -0.17377
   1.41800    -0.17120
   1.41900    -0.16830
   1.42000    -0.16518
   1.42100    -0.16198
   1.42200    -0.15880
   1.42300    -0.15575
   1.42400    -0.15285
   1.42500    -0.15009
   1.42600    -0.14743
   1.42700    -0.14480
   1.42800    -0.14218
   1.42900    -0.13956
   1.43000    -0.13697
   1.43100    -0.13448
   1.43200    -0.13217
   1.43300    -0.13008
   1.43400    -0.12824
   1.43500    -0.12665
   1.43600    -0.12529
   1.43700    -0.12410
   1.43800    -0.12307
   1.43900    -0.12218
   1.44000    -0.12141
   1.44100    -0.12079
   1.44200    -0.12034
   1.44300    -0.12007
   1.44400    -0.12001
   1.44500    -0.12018
   1.44600    -0.12057
   1.44700    -0.12118
   1.44800    -0.12198
   1.44900    -0.12291
   1.45000    -0.12390
   1.45100    -0.12486
   1.45200    -0.12571
   1.45300    -0.12636
   1.45400    -0.12675
   1.45500    -0.12686
   1.45600    -0.12665
   1.45700    -0.12613
   1.45800    -0.12533
   1.45900    -0.12429
   1.46000    -0.12307
   1.46100    -0.12172
   1.46200    -0.12030
   1.46300    -0.11884
   1.46400    -0.11736
   1.46500    -0.11584
   1.46600    -0.11424
   1.46700    -0.11254
   1.46800    -0.11072
   1.46900    -0.10879
   1.47000    -0.10679
   1.47100    -0.10476
   1.47200    -0.10274
   1.47300    -0.10078
   1.47400    -0.09887
   1.47500    -0.09699
   1.47600    -0.09511
   1.47700    -0.09317
   1.47800    -0.09119
   1.47900    -0.08918
   1.48000    -0.08718
   1.48100    -0.08529
   1.48200    -0.08358
   1.48300    -0.08210
   1.48400    -0.08086
   1.48500    -0.07984
   1.48600    -0.07894
   1.48700    -0.07803
   1.48800    -0.07697
   1.48900    -0.07559
   1.49000    -0.07375
   1.49100    -0.07138
   1.49200    -0.06850
   1.49300    -0.06515
   1.49400    -0.06144
   1.49500    -0.05748
   1.49600    -0.05338
   1.49700    -0.04923
   1.49800    -0.04511
   1.49900    -0.04106
   1.50000    -0.03716
# </ PairPotential>
