# <BondPotential>
   0.00000  5978.00256
   0.00100  5956.99579
   0.00200  5909.46283
   0.00300  5851.63115
   0.00400  5799.56383
   0.00500  5749.70807
   0.00600  5700.27724
   0.00700  5651.03480
   0.00800  5602.03839
   0.00900  5553.22471
   0.01000  5504.65697
   0.01100  5456.27196
   0.01200  5408.13290
   0.01300  5360.17657
   0.01400  5312.46619
   0.01500  5264.93854
   0.01600  5217.65683
   0.01700  5170.55786
   0.01800  5123.70483
   0.01900  5077.03453
   0.02000  5030.61018
   0.02100  4984.36856
   0.02200  4938.37288
   0.02300  4892.55994
   0.02400  4846.99294
   0.02500  4801.60867
   0.02600  4756.47035
   0.02700  4711.51476
   0.02800  4666.80512
   0.02900  4622.27821
   0.03000  4577.99724
   0.03100  4533.89901
   0.03200  4490.04672
   0.03300  4446.37716
   0.03400  4402.95355
   0.03500  4359.71267
   0.03600  4316.71773
   0.03700  4273.90553
   0.03800  4231.33927
   0.03900  4188.95574
   0.04000  4146.81816
   0.04100  4104.86331
   0.04200  4063.15441
   0.04300  4021.62824
   0.04400  3980.34801
   0.04500  3939.25052
   0.04600  3898.39897
   0.04700  3857.73015
   0.04800  3817.30728
   0.04900  3777.06714
   0.05000  3737.07294
   0.05100  3697.26148
   0.05200  3657.69596
   0.05300  3618.31317
   0.05400  3579.17633
   0.05500  3540.22222
   0.05600  3501.51406
   0.05700  3462.98863
   0.05800  3424.70914
   0.05900  3386.61238
   0.06000  3348.76158
   0.06100  3311.09350
   0.06200  3273.67136
   0.06300  3236.43196
   0.06400  3199.43851
   0.06500  3162.62778
   0.06600  3126.06301
   0.06700  3089.68096
   0.06800  3053.54486
   0.06900  3017.59149
   0.07000  2981.88407
   0.07100  2946.35937
   0.07200  2911.08063
   0.07300  2875.98461
   0.07400  2841.13454
   0.07500  2806.46720
   0.07600  2772.04581
   0.07700  2737.80715
   0.07800  2703.81443
   0.07900  2670.00445
   0.08000  2636.44041
   0.08100  2603.05910
   0.08200  2569.92374
   0.08300  2536.97111
   0.08400  2504.26443
   0.08500  2471.74048
   0.08600  2439.46247
   0.08700  2407.36719
   0.08800  2375.51786
   0.08900  2343.85127
   0.09000  2312.43061
   0.09100  2281.19269
   0.09200  2250.20072
   0.09300  2219.39147
   0.09400  2188.82817
   0.09500  2158.44761
   0.09600  2128.31299
   0.09700  2098.36110
   0.09800  2068.65515
   0.09900  2039.13194
   0.10000  2009.85467
   0.10100  1980.76014
   0.10200  1951.91155
   0.10300  1923.24569
   0.10400  1894.82578
   0.10500  1866.58859
   0.10600  1838.59736
   0.10700  1810.78885
   0.10800  1783.22630
   0.10900  1755.84647
   0.11000  1728.71259
   0.11100  1701.76144
   0.11200  1675.05623
   0.11300  1648.53376
   0.11400  1622.25723
   0.11500  1596.16344
   0.11600  1570.31559
   0.11700  1544.65047
   0.11800  1519.23130
   0.11900  1493.99485
   0.12000  1469.00436
   0.12100  1444.19659
   0.12200  1419.63478
   0.12300  1395.25569
   0.12400  1371.12255
   0.12500  1347.17214
   0.12600  1323.46767
   0.12700  1299.94594
   0.12800  1276.67015
   0.12900  1253.57710
   0.13000  1230.72999
   0.13100  1208.06561
   0.13200  1185.64718
   0.13300  1163.41147
   0.13400  1141.42172
   0.13500  1119.61469
   0.13600  1098.05362
   0.13700  1076.67527
   0.13800  1055.54287
   0.13900  1034.59319
   0.14000  1013.88947
   0.14100   993.36848
   0.14200   973.09343
   0.14300   953.00111
   0.14400   933.15475
   0.14500   913.49110
   0.14600   894.07341
   0.14700   874.83845
   0.14800   855.84944
   0.14900   837.04315
   0.15000   818.48281
   0.15100   800.10520
   0.15200   781.97354
   0.15300   764.02461
   0.15400   746.32163
   0.15500   728.80137
   0.15600   711.52707
   0.15700   694.43549
   0.15800   677.58986
   0.15900   660.92696
   0.16000   644.51001
   0.16100   628.27579
   0.16200   612.28751
   0.16300   596.48197
   0.16400   580.92237
   0.16500   565.54550
   0.16600   550.41458
   0.16700   535.46639
   0.16800   520.76414
   0.16900   506.24463
   0.17000   491.97106
   0.17100   477.88022
   0.17200   464.03534
   0.17300   450.37317
   0.17400   436.95696
   0.17500   423.72348
   0.17600   410.73594
   0.17700   397.93114
   0.17800   385.37228
   0.17900   372.99615
   0.18000   360.86597
   0.18100   348.91852
   0.18200   337.21702
   0.18300   325.69824
   0.18400   314.42541
   0.18500   303.33532
   0.18600   292.49117
   0.18700   281.82975
   0.18800   271.41428
   0.18900   261.18153
   0.19000   251.19474
   0.19100   241.39067
   0.19200   231.83255
   0.19300   222.45716
   0.19400   213.32772
   0.19500   204.38101
   0.19600   195.68025
   0.19700   187.16221
   0.19800   178.89013
   0.19900   170.80077
   0.20000   162.95736
   0.20100   155.29668
   0.20200   147.88195
   0.20300   140.64994
   0.20400   133.66389
   0.20500   126.86056
   0.20600   120.30318
   0.20700   113.92853
   0.20800   107.79983
   0.20900   101.85386
   0.21000    96.15384
   0.21100    90.63654
   0.21200    85.36520
   0.21300    80.27658
   0.21400    75.43391
   0.21500    70.77397
   0.21600    66.35998
   0.21700    62.12871
   0.21800    58.14340
   0.21900    54.34081
   0.22000    50.78417
   0.22100    47.41026
   0.22200    44.28230
   0.22300    41.33707
   0.22400    38.63779
   0.22500    36.12123
   0.22600    33.85062
   0.22700    31.76275
   0.22800    29.92082
   0.22900    28.26162
   0.23000    26.84835
   0.23100    25.61742
   0.23200    24.62563
   0.23300    23.77002
   0.23400    23.02947
   0.23500    22.28249
   0.23600    21.42322
   0.23700    20.57156
   0.23800    19.86287
   0.23900    19.25501
   0.24000    18.74589
   0.24100    18.20022
   0.24200    17.47597
   0.24300    16.72200
   0.24400    16.07617
   0.24500    15.48208
   0.24600    14.90294
   0.24700    14.33122
   0.24800    13.77389
   0.24900    13.25207
   0.25000    12.80799
   0.25100    12.40088
   0.25200    12.01222
   0.25300    11.63603
   0.25400    11.27738
   0.25500    10.92557
   0.25600    10.57565
   0.25700    10.23486
   0.25800     9.91572
   0.25900     9.59970
   0.26000     9.27203
   0.26100     8.95364
   0.26200     8.67085
   0.26300     8.39569
   0.26400     8.10403
   0.26500     7.80746
   0.26600     7.51826
   0.26700     7.24349
   0.26800     6.99788
   0.26900     6.76780
   0.27000     6.54902
   0.27100     6.33625
   0.27200     6.12964
   0.27300     5.92938
   0.27400     5.74039
   0.27500     5.56076
   0.27600     5.39466
   0.27700     5.23774
   0.27800     5.09218
   0.27900     4.95721
   0.28000     4.83930
   0.28100     4.73261
   0.28200     4.63868
   0.28300     4.55348
   0.28400     4.47911
   0.28500     4.41187
   0.28600     4.35322
   0.28700     4.30201
   0.28800     4.26142
   0.28900     4.22204
   0.29000     4.17549
   0.29100     4.12588
   0.29200     4.07556
   0.29300     4.02120
   0.29400     3.95587
   0.29500     3.87961
   0.29600     3.78532
   0.29700     3.67642
   0.29800     3.54635
   0.29900     3.39888
   0.30000     3.22580
   0.30100     3.03341
   0.30200     2.81590
   0.30300     2.58732
   0.30400     2.35421
   0.30500     2.11957
   0.30600     1.88480
   0.30700     1.65374
   0.30800     1.43251
   0.30900     1.21835
   0.31000     1.01347
   0.31100     0.81954
   0.31200     0.64577
   0.31300     0.48644
   0.31400     0.34601
   0.31500     0.22458
   0.31600     0.13536
   0.31700     0.06894
   0.31800     0.03108
   0.31900     0.01485
   0.32000     0.02841
   0.32100     0.06353
   0.32200     0.12723
   0.32300     0.21487
   0.32400     0.33805
   0.32500     0.48523
   0.32600     0.66127
   0.32700     0.85992
   0.32800     1.09119
   0.32900     1.34838
   0.33000     1.64246
   0.33100     1.96350
   0.33200     2.31990
   0.33300     2.70176
   0.33400     3.11707
   0.33500     3.55838
   0.33600     4.03599
   0.33700     4.53824
   0.33800     5.07065
   0.33900     5.62743
   0.34000     6.21825
   0.34100     6.82253
   0.34200     7.42803
   0.34300     8.02844
   0.34400     8.60805
   0.34500     9.11788
   0.34600     9.46137
   0.34700     9.67605
   0.34800     9.72073
   0.34900     9.65931
   0.35000     9.48832
   0.35100     9.28149
   0.35200     9.08564
   0.35300     8.90776
   0.35400     8.76459
   0.35500     8.67236
   0.35600     8.68177
   0.35700     8.76899
   0.35800     8.96152
   0.35900     9.23937
   0.36000     9.64042
   0.36100    10.12570
   0.36200    10.71677
   0.36300    11.40835
   0.36400    12.26261
   0.36500    13.21727
   0.36600    14.28127
   0.36700    15.45901
   0.36800    16.83648
   0.36900    18.36199
   0.37000    20.05871
   0.37100    21.72304
   0.37200    23.14529
   0.37300    24.48218
   0.37400    25.85650
   0.37500    27.28909
   0.37600    28.82527
   0.37700    30.44042
   0.37800    32.16213
   0.37900    33.96299
   0.38000    35.87040
   0.38100    37.85697
   0.38200    39.95009
   0.38300    42.12237
   0.38400    44.40119
   0.38500    46.75918
   0.38600    49.22371
   0.38700    51.76740
   0.38800    54.41764
   0.38900    57.14705
   0.39000    59.98299
   0.39100    62.89810
   0.39200    65.91976
   0.39300    69.02057
   0.39400    72.22794
   0.39500    75.51446
   0.39600    78.90753
   0.39700    82.37976
   0.39800    85.95854
   0.39900    89.61648
   0.40000    93.38097
   0.40100    97.22462
   0.40200   101.17481
   0.40300   105.20416
   0.40400   109.34007
   0.40500   113.55513
   0.40600   117.87674
   0.40700   122.27751
   0.40800   126.78482
   0.40900   131.37130
   0.41000   136.06433
   0.41100   140.83651
   0.41200   145.71524
   0.41300   150.67313
   0.41400   155.73757
   0.41500   160.88117
   0.41600   166.13132
   0.41700   171.46063
   0.41800   176.89649
   0.41900   182.41150
   0.42000   188.03306
   0.42100   193.73379
   0.42200   199.54106
   0.42300   205.42749
   0.42400   211.42047
   0.42500   217.49260
   0.42600   223.67129
   0.42700   229.92914
   0.42800   236.29353
   0.42900   242.73708
   0.43000   249.28718
   0.43100   255.91644
   0.43200   262.65225
   0.43300   269.46722
   0.43400   276.38874
   0.43500   283.38941
   0.43600   290.49664
   0.43700   297.68302
   0.43800   304.97595
   0.43900   312.34805
   0.44000   319.82668
   0.44100   327.38448
   0.44200   335.04883
   0.44300   342.79234
   0.44400   350.64239
   0.44500   358.57161
   0.44600   366.60737
   0.44700   374.72229
   0.44800   382.94376
   0.44900   391.24439
   0.45000   399.65157
   0.45100   408.13791
   0.45200   416.73079
   0.45300   425.40284
   0.45400   434.18143
   0.45500   443.03918
   0.45600   452.00348
   0.45700   461.04694
   0.45800   470.19695
   0.45900   479.42612
   0.46000   488.76183
   0.46100   498.17671
   0.46200   507.69813
   0.46300   517.29871
   0.46400   527.00585
   0.46500   536.79214
   0.46600   546.68497
   0.46700   556.65697
   0.46800   566.73552
   0.46900   576.89323
   0.47000   587.15748
   0.47100   597.50089
   0.47200   607.95085
   0.47300   618.47998
   0.47400   629.11564
   0.47500   639.83047
   0.47600   650.65185
   0.47700   661.55239
   0.47800   672.55947
   0.47900   683.64571
   0.48000   694.83851
   0.48100   706.11046
   0.48200   717.48896
   0.48300   728.94662
   0.48400   740.51082
   0.48500   752.15419
   0.48600   763.90411
   0.48700   775.73318
   0.48800   787.66880
   0.48900   799.68359
   0.49000   811.80492
   0.49100   824.00541
   0.49200   836.31244
   0.49300   848.69864
   0.49400   861.19139
   0.49500   873.76329
   0.49600   886.44174
   0.49700   899.19936
   0.49800   912.06352
   0.49900   925.00684
   0.50000   938.05671
   0.50100   951.18574
   0.50200   964.42131
   0.50300   977.73605
   0.50400   991.15733
   0.50500  1004.65777
   0.50600  1018.26476
   0.50700  1031.95092
   0.50800  1045.74361
   0.50900  1059.61547
   0.51000  1073.59388
   0.51100  1087.65145
   0.51200  1101.81556
   0.51300  1116.05883
   0.51400  1130.40866
   0.51500  1144.83764
   0.51600  1159.37317
   0.51700  1173.98786
   0.51800  1188.70909
   0.51900  1203.50949
   0.52000  1218.41643
   0.52100  1233.40254
   0.52200  1248.49519
   0.52300  1263.66700
   0.52400  1278.94536
   0.52500  1294.30288
   0.52600  1309.76695
   0.52700  1325.31018
   0.52800  1340.95995
   0.52900  1356.68889
   0.53000  1372.52437
   0.53100  1388.43901
   0.53200  1404.46020
   0.53300  1420.56055
   0.53400  1436.76745
   0.53500  1453.05351
   0.53600  1469.44611
   0.53700  1485.91788
   0.53800  1502.49619
   0.53900  1519.15367
   0.54000  1535.91769
   0.54100  1552.76087
   0.54200  1569.71060
   0.54300  1586.73949
   0.54400  1603.87492
   0.54500  1621.08952
   0.54600  1638.41066
   0.54700  1655.81096
   0.54800  1673.31782
   0.54900  1690.90383
   0.55000  1708.59639
   0.55100  1726.36811
   0.55200  1744.24637
   0.55300  1762.20380
   0.55400  1780.26777
   0.55500  1798.41091
   0.55600  1816.66059
   0.55700  1834.98943
   0.55800  1853.42482
   0.55900  1871.93937
   0.56000  1890.56047
   0.56100  1909.26072
   0.56200  1928.06753
   0.56300  1946.95349
   0.56400  1965.94601
   0.56500  1985.01768
   0.56600  2004.19590
   0.56700  2023.45328
   0.56800  2042.81721
   0.56900  2062.26029
   0.57000  2081.80993
   0.57100  2101.43872
   0.57200  2121.17407
   0.57300  2140.98857
   0.57400  2160.90962
   0.57500  2180.90983
   0.57600  2201.01659
   0.57700  2221.20251
   0.57800  2241.49497
   0.57900  2261.86660
   0.58000  2282.34477
   0.58100  2302.90211
   0.58200  2323.56599
   0.58300  2344.30903
   0.58400  2365.15862
   0.58500  2386.08737
   0.58600  2407.12266
   0.58700  2428.23712
   0.58800  2449.45812
   0.58900  2470.75829
   0.59000  2492.16500
   0.59100  2513.65087
   0.59200  2535.24329
   0.59300  2556.91487
   0.59400  2578.69300
   0.59500  2600.55028
   0.59600  2622.51412
   0.59700  2644.55711
   0.59800  2666.70665
   0.59900  2688.93536
   0.60000  2711.27061
   0.60100  2733.68502
   0.60200  2756.20597
   0.60300  2778.80609
   0.60400  2801.51276
   0.60500  2824.29858
   0.60600  2847.19095
   0.60700  2870.16249
   0.60800  2893.24057
   0.60900  2916.39781
   0.61000  2939.66159
   0.61100  2963.00454
   0.61200  2986.45404
   0.61300  3009.98269
   0.61400  3033.61790
   0.61500  3057.33226
   0.61600  3081.15317
   0.61700  3105.05324
   0.61800  3129.05986
   0.61900  3153.14564
   0.62000  3177.33796
   0.62100  3201.60945
   0.62200  3225.98748
   0.62300  3250.44468
   0.62400  3275.00842
   0.62500  3299.65132
   0.62600  3324.40077
   0.62700  3349.22938
   0.62800  3374.16454
   0.62900  3399.17885
   0.63000  3424.29972
   0.63100  3449.49974
   0.63200  3474.80631
   0.63300  3500.19204
   0.63400  3525.68432
   0.63500  3551.25576
   0.63600  3576.93375
   0.63700  3602.69090
   0.63800  3628.55459
   0.63900  3654.49745
   0.64000  3680.54685
   0.64100  3706.67541
   0.64200  3732.91052
   0.64300  3759.22479
   0.64400  3785.64561
   0.64500  3812.14559
   0.64600  3838.75211
   0.64700  3865.43780
   0.64800  3892.23003
   0.64900  3919.10142
   0.65000  3946.07937
   0.65100  3973.13647
   0.65200  4000.30011
   0.65300  4027.54292
   0.65400  4054.89228
   0.65500  4082.32079
   0.65600  4109.85586
   0.65700  4137.47008
   0.65800  4165.19085
   0.65900  4192.99078
   0.66000  4220.89726
   0.66100  4248.88290
   0.66200  4276.97509
   0.66300  4305.14643
   0.66400  4333.42433
   0.66500  4361.78138
   0.66600  4390.24498
   0.66700  4418.78774
   0.66800  4447.43705
   0.66900  4476.16552
   0.67000  4505.00054
   0.67100  4533.91472
   0.67200  4562.93544
   0.67300  4592.03533
   0.67400  4621.24176
   0.67500  4650.52735
   0.67600  4679.91949
   0.67700  4709.39079
   0.67800  4738.96864
   0.67900  4768.62564
   0.68000  4798.38920
   0.68100  4828.23192
   0.68200  4858.18118
   0.68300  4888.20960
   0.68400  4918.34457
   0.68500  4948.55870
   0.68600  4978.87938
   0.68700  5009.27922
   0.68800  5039.78560
   0.68900  5070.37115
   0.69000  5101.06324
   0.69100  5131.83449
   0.69200  5162.71230
   0.69300  5193.66926
   0.69400  5224.73276
   0.69500  5255.87543
   0.69600  5287.12465
   0.69700  5318.45303
   0.69800  5349.88795
   0.69900  5381.40203
   0.70000  5413.02266
   0.70100  5444.72246
   0.70200  5476.52879
   0.70300  5508.41429
   0.70400  5540.40634
   0.70500  5572.47755
   0.70600  5604.65530
   0.70700  5636.91222
   0.70800  5669.27568
   0.70900  5701.71830
   0.71000  5734.26747
   0.71100  5766.89580
   0.71200  5799.63068
   0.71300  5832.44471
   0.71400  5865.36530
   0.71500  5898.36504
   0.71600  5931.47134
   0.71700  5964.65679
   0.71800  5997.94879
   0.71900  6031.31995
   0.72000  6064.79766
   0.72100  6098.35452
   0.72200  6132.01794
   0.72300  6165.76051
   0.72400  6199.60964
   0.72500  6233.53792
   0.72600  6267.57275
   0.72700  6301.68674
   0.72800  6335.90728
   0.72900  6370.20698
   0.73000  6404.61322
   0.73100  6439.09863
   0.73200  6473.69058
   0.73300  6508.36170
   0.73400  6543.13936
   0.73500  6577.99618
   0.73600  6612.95955
   0.73700  6648.00208
   0.73800  6683.15115
   0.73900  6718.37939
   0.74000  6753.71417
   0.74100  6789.12812
   0.74200  6824.64861
   0.74300  6860.24826
   0.74400  6895.95446
   0.74500  6931.73982
   0.74600  6967.63173
   0.74700  7003.60279
   0.74800  7039.68041
   0.74900  7075.83718
   0.75000  7112.10050
   0.75100  7148.44299
   0.75200  7184.89202
   0.75300  7221.42021
   0.75400  7258.05494
   0.75500  7294.76884
   0.75600  7331.58929
   0.75700  7368.48889
   0.75800  7405.49504
   0.75900  7442.58036
   0.76000  7479.77222
   0.76100  7517.04324
   0.76200  7554.42081
   0.76300  7591.87753
   0.76400  7629.44081
   0.76500  7667.08324
   0.76600  7704.83223
   0.76700  7742.66037
   0.76800  7780.59506
   0.76900  7818.60891
   0.77000  7856.72931
   0.77100  7894.92887
   0.77200  7933.23498
   0.77300  7971.62024
   0.77400  8010.11206
   0.77500  8048.68303
   0.77600  8087.36055
   0.77700  8126.11723
   0.77800  8164.98046
   0.77900  8203.92285
   0.78000  8242.97179
   0.78100  8282.09988
   0.78200  8321.33453
   0.78300  8360.64833
   0.78400  8400.06868
   0.78500  8439.56820
   0.78600  8479.17426
   0.78700  8518.85948
   0.78800  8558.65124
   0.78900  8598.52217
   0.79000  8638.49964
   0.79100  8678.55628
   0.79200  8718.71946
   0.79300  8758.96180
   0.79400  8799.31069
   0.79500  8839.73874
   0.79600  8880.27334
   0.79700  8920.88710
   0.79800  8961.60741
   0.79900  9002.40687
   0.80000  9043.31288
   0.80100  9084.29806
   0.80200  9125.38978
   0.80300  9166.56066
   0.80400  9207.83809
   0.80500  9249.19467
   0.80600  9290.65781
   0.80700  9332.20011
   0.80800  9373.84895
   0.80900  9415.57695
   0.81000  9457.41150
   0.81100  9499.32522
   0.81200  9541.34547
   0.81300  9583.44489
   0.81400  9625.65086
   0.81500  9667.93599
   0.81600  9710.32766
   0.81700  9752.79849
   0.81800  9795.37588
   0.81900  9838.03242
   0.82000  9880.79551
   0.82100  9923.63776
   0.82200  9966.58655
   0.82300  10009.61451
   0.82400  10052.74901
   0.82500  10095.96268
   0.82600  10139.28289
   0.82700  10182.68226
   0.82800  10226.18818
   0.82900  10269.77326
   0.83000  10313.46489
   0.83100  10357.23568
   0.83200  10401.11301
   0.83300  10445.06951
   0.83400  10489.13255
   0.83500  10533.27475
   0.83600  10577.52350
   0.83700  10621.85141
   0.83800  10666.28587
   0.83900  10710.79949
   0.84000  10755.41966
   0.84100  10800.11898
   0.84200  10844.92485
   0.84300  10889.80989
   0.84400  10934.80147
   0.84500  10979.87221
   0.84600  11025.04950
   0.84700  11070.30595
   0.84800  11115.66894
   0.84900  11161.11110
   0.85000  11206.65980
   0.85100  11252.28767
   0.85200  11298.02208
   0.85300  11343.83565
   0.85400  11389.75577
   0.85500  11435.75505
   0.85600  11481.86087
   0.85700  11528.04586
   0.85800  11574.33740
   0.85900  11620.70809
   0.86000  11667.18533
   0.86100  11713.74173
   0.86200  11760.40468
   0.86300  11807.14679
   0.86400  11853.99545
   0.86500  11900.92327
   0.86600  11947.95763
   0.86700  11995.07116
   0.86800  12042.29123
   0.86900  12089.59046
   0.87000  12136.99624
   0.87100  12184.48118
   0.87200  12232.07267
   0.87300  12279.74332
   0.87400  12327.52051
   0.87500  12375.37687
   0.87600  12423.33977
   0.87700  12471.38183
   0.87800  12519.53045
   0.87900  12567.75822
   0.88000  12616.09253
   0.88100  12664.50601
   0.88200  12713.02604
   0.88300  12761.62522
   0.88400  12810.33096
   0.88500  12859.11585
   0.88600  12908.00729
   0.88700  12956.97789
   0.88800  13006.05504
   0.88900  13055.21135
   0.89000  13104.47421
   0.89100  13153.81622
   0.89200  13203.26479
   0.89300  13252.79251
   0.89400  13302.42678
   0.89500  13352.14022
   0.89600  13401.96020
   0.89700  13451.85933
   0.89800  13501.86502
   0.89900  13551.94987
   0.90000  13602.14126
   0.90100  13652.41182
   0.90200  13702.78892
   0.90300  13753.24518
   0.90400  13803.80799
   0.90500  13854.44996
   0.90600  13905.19848
   0.90700  13956.02616
   0.90800  14006.96038
   0.90900  14057.97377
   0.91000  14109.09370
   0.91100  14160.29279
   0.91200  14211.59843
   0.91300  14262.98323
   0.91400  14314.47458
   0.91500  14366.04509
   0.91600  14417.72214
   0.91700  14469.47836
   0.91800  14521.34112
   0.91900  14573.28305
   0.92000  14625.33152
   0.92100  14677.45915
   0.92200  14729.69333
   0.92300  14782.00667
   0.92400  14834.42655
   0.92500  14886.92560
   0.92600  14939.53119
   0.92700  14992.21595
   0.92800  15045.00725
   0.92900  15097.87771
   0.93000  15150.85472
   0.93100  15203.91089
   0.93200  15257.07360
   0.93300  15310.31548
   0.93400  15363.66390
   0.93500  15417.09149
   0.93600  15470.62562
   0.93700  15524.23891
   0.93800  15577.95875
   0.93900  15631.75775
   0.94000  15685.66330
   0.94100  15739.64801
   0.94200  15793.73926
   0.94300  15847.90968
   0.94400  15902.18664
   0.94500  15956.54276
   0.94600  16011.00543
   0.94700  16065.54726
   0.94800  16120.19564
   0.94900  16174.92318
   0.95000  16229.75726
   0.95100  16284.67051
   0.95200  16339.69030
   0.95300  16394.78925
   0.95400  16449.99475
   0.95500  16505.27942
   0.95600  16560.67062
   0.95700  16616.14099
   0.95800  16671.71791
   0.95900  16727.37398
   0.96000  16783.13661
   0.96100  16838.97839
   0.96200  16894.92672
   0.96300  16950.95421
   0.96400  17007.08825
   0.96500  17063.30145
   0.96600  17119.62120
   0.96700  17176.02010
   0.96800  17232.52556
   0.96900  17289.11017
   0.97000  17345.80133
   0.97100  17402.57166
   0.97200  17459.44852
   0.97300  17516.40455
   0.97400  17573.46713
   0.97500  17630.60887
   0.97600  17687.85715
   0.97700  17745.18460
   0.97800  17802.61859
   0.97900  17860.13174
   0.98000  17917.75144
   0.98100  17975.45030
   0.98200  18033.25571
   0.98300  18091.14028
   0.98400  18149.13139
   0.98500  18207.20167
   0.98600  18265.37849
   0.98700  18323.63447
   0.98800  18381.99700
   0.98900  18440.43869
   0.99000  18498.98693
   0.99100  18557.61433
   0.99200  18616.34827
   0.99300  18675.16138
   0.99400  18734.08103
   0.99500  18793.07985
   0.99600  18852.18521
   0.99700  18911.36973
   0.99800  18970.66080
   0.99900  19030.03103
   1.00000  19089.50780
   1.00100  19149.06374
   1.00200  19208.72622
   1.00300  19268.46787
   1.00400  19328.31606
   1.00500  19388.24341
   1.00600  19448.27731
   1.00700  19508.39037
   1.00800  19568.60997
   1.00900  19628.90874
   1.01000  19689.31406
   1.01100  19749.79853
   1.01200  19810.38955
   1.01300  19871.05973
   1.01400  19931.83646
   1.01500  19992.69235
   1.01600  20053.65479
   1.01700  20114.69639
   1.01800  20175.84453
   1.01900  20237.07184
   1.02000  20298.40569
   1.02100  20359.81870
   1.02200  20421.33826
   1.02300  20482.93698
   1.02400  20544.64225
   1.02500  20606.42668
   1.02600  20668.31765
   1.02700  20730.28779
   1.02800  20792.36447
   1.02900  20854.52031
   1.03000  20916.78271
   1.03100  20979.12426
   1.03200  21041.57235
   1.03300  21104.09961
   1.03400  21166.73342
   1.03500  21229.44638
   1.03600  21292.26590
   1.03700  21355.16457
   1.03800  21418.16979
   1.03900  21481.25417
   1.04000  21544.44510
   1.04100  21607.71519
   1.04200  21671.09183
   1.04300  21734.54762
   1.04400  21798.10997
   1.04500  21861.75147
   1.04600  21925.49952
   1.04700  21989.32674
   1.04800  22053.26050
   1.04900  22117.27342
   1.05000  22181.39288
   1.05100  22245.59151
   1.05200  22309.89668
   1.05300  22374.28102
   1.05400  22438.77190
   1.05500  22503.34194
   1.05600  22568.01853
   1.05700  22632.77428
   1.05800  22697.63658
   1.05900  22762.57804
   1.06000  22827.62604
   1.06100  22892.75321
   1.06200  22957.98692
   1.06300  23023.29979
   1.06400  23088.71921
   1.06500  23154.21779
   1.06600  23219.82292
   1.06700  23285.50721
   1.06800  23351.29805
   1.06900  23417.16804
   1.07000  23483.14459
   1.07100  23549.20029
   1.07200  23615.36254
   1.07300  23681.60395
   1.07400  23747.95191
   1.07500  23814.37903
   1.07600  23880.91269
   1.07700  23947.52552
   1.07800  24014.24489
   1.07900  24081.04343
   1.08000  24147.94851
   1.08100  24214.93275
   1.08200  24282.02354
   1.08300  24349.19349
   1.08400  24416.46999
   1.08500  24483.82564
   1.08600  24551.28785
   1.08700  24618.82921
   1.08800  24686.47712
   1.08900  24754.20420
   1.09000  24822.03781
   1.09100  24889.95059
   1.09200  24957.96992
   1.09300  25026.06841
   1.09400  25094.27344
   1.09500  25162.55764
   1.09600  25230.94838
   1.09700  25299.41828
   1.09800  25367.99473
   1.09900  25436.65034
   1.10000  25505.41250
   1.10100  25574.25382
   1.10200  25643.20169
   1.10300  25712.22871
   1.10400  25781.36228
   1.10500  25850.57502
   1.10600  25919.89430
   1.10700  25989.29274
   1.10800  26058.79773
   1.10900  26128.38188
   1.11000  26198.07257
   1.11100  26267.84243
   1.11200  26337.71883
   1.11300  26407.67439
   1.11400  26477.73651
   1.11500  26547.87778
   1.11600  26618.12560
   1.11700  26688.45257
   1.11800  26758.88610
   1.11900  26829.39879
   1.12000  26900.01802
   1.12100  26970.71642
   1.12200  27041.52136
   1.12300  27112.40546
   1.12400  27183.39611
   1.12500  27254.46592
   1.12600  27325.64227
   1.12700  27396.89779
   1.12800  27468.25986
   1.12900  27539.70108
   1.13000  27611.24885
   1.13100  27682.87579
   1.13200  27754.60927
   1.13300  27826.42191
   1.13400  27898.34109
   1.13500  27970.33944
   1.13600  28042.44434
   1.13700  28114.62839
   1.13800  28186.91899
   1.13900  28259.28876
   1.14000  28331.76507
   1.14100  28404.32054
   1.14200  28476.98256
   1.14300  28549.72373
   1.14400  28622.57146
   1.14500  28695.49835
   1.14600  28768.53178
   1.14700  28841.64437
   1.14800  28914.86351
   1.14900  28988.16181
   1.15000  29061.56666
   1.15100  29135.05067
   1.15200  29208.64123
   1.15300  29282.31094
   1.15400  29356.08721
   1.15500  29429.94263
   1.15600  29503.90460
   1.15700  29577.94573
   1.15800  29652.09341
   1.15900  29726.32025
   1.16000  29800.65364
   1.16100  29875.06619
   1.16200  29949.58528
   1.16300  30024.18353
   1.16400  30098.88834
   1.16500  30173.67230
   1.16600  30248.56281
   1.16700  30323.53248
   1.16800  30398.60870
   1.16900  30473.76407
   1.17000  30549.02600
   1.17100  30624.36708
   1.17200  30699.81471
   1.17300  30775.34151
   1.17400  30850.97485
   1.17500  30926.68735
   1.17600  31002.50640
   1.17700  31078.40460
   1.17800  31154.40936
   1.17900  31230.49327
   1.18000  31306.68374
   1.18100  31382.95336
   1.18200  31459.32953
   1.18300  31535.78486
   1.18400  31612.34674
   1.18500  31688.98778
   1.18600  31765.73536
   1.18700  31842.56211
   1.18800  31919.49540
   1.18900  31996.50786
   1.19000  32073.62686
   1.19100  32150.82502
   1.19200  32228.12973
   1.19300  32305.51360
   1.19400  32383.00401
   1.19500  32460.57359
   1.19600  32538.24972
   1.19700  32616.00500
   1.19800  32693.86683
   1.19900  32771.80782
   1.20000  32849.85536
   1.20100  32927.98206
   1.20200  33006.21531
   1.20300  33084.52772
   1.20400  33162.94667
   1.20500  33241.44479
   1.20600  33320.04945
   1.20700  33398.73327
   1.20800  33477.52364
   1.20900  33556.39317
   1.21000  33635.36925
   1.21100  33714.42448
   1.21200  33793.58627
   1.21300  33872.82722
   1.21400  33952.17471
   1.21500  34031.60136
   1.21600  34111.13456
   1.21700  34190.74692
   1.21800  34270.46583
   1.21900  34350.26390
   1.22000  34430.16851
   1.22100  34510.15229
   1.22200  34590.24261
   1.22300  34670.41210
   1.22400  34750.68813
   1.22500  34831.04332
   1.22600  34911.50506
   1.22700  34992.04596
   1.22800  35072.69340
   1.22900  35153.42001
   1.23000  35234.25316
   1.23100  35315.16548
   1.23200  35396.18434
   1.23300  35477.28236
   1.23400  35558.48693
   1.23500  35639.77066
   1.23600  35721.16093
   1.23700  35802.63037
   1.23800  35884.20635
   1.23900  35965.86150
   1.24000  36047.62319
   1.24100  36129.46404
   1.24200  36211.41144
   1.24300  36293.43800
   1.24400  36375.57111
   1.24500  36457.78338
   1.24600  36540.10219
   1.24700  36622.50017
   1.24800  36705.00469
   1.24900  36787.58837
   1.25000  36870.27860
   1.25100  36953.04799
   1.25200  37035.92393
   1.25300  37118.87903
   1.25400  37201.94067
   1.25500  37285.08148
   1.25600  37368.32883
   1.25700  37451.65535
   1.25800  37535.08841
   1.25900  37618.60063
   1.26000  37702.21940
   1.26100  37785.91732
   1.26200  37869.72180
   1.26300  37953.60544
   1.26400  38037.59562
   1.26500  38121.66496
   1.26600  38205.84085
   1.26700  38290.09591
   1.26800  38374.45750
   1.26900  38458.89826
   1.27000  38543.44557
   1.27100  38628.07204
   1.27200  38712.80505
   1.27300  38797.61722
   1.27400  38882.53595
   1.27500  38967.53383
   1.27600  39052.63826
   1.27700  39137.82185
   1.27800  39223.11198
   1.27900  39308.48128
   1.28000  39393.95713
   1.28100  39479.51213
   1.28200  39565.17368
   1.28300  39650.91439
   1.28400  39736.76165
   1.28500  39822.68807
   1.28600  39908.72104
   1.28700  39994.83317
   1.28800  40081.05185
   1.28900  40167.34968
   1.29000  40253.75406
   1.29100  40340.23761
   1.29200  40426.82770
   1.29300  40513.49695
   1.29400  40600.27275
   1.29500  40687.12770
   1.29600  40774.08921
   1.29700  40861.12987
   1.29800  40948.27709
   1.29900  41035.50346
   1.30000  41122.83638
   1.30100  41210.24846
   1.30200  41297.76709
   1.30300  41385.36488
   1.30400  41473.06922
   1.30500  41560.85271
   1.30600  41648.74276
   1.30700  41736.71196
   1.30800  41824.78771
   1.30900  41912.94262
   1.31000  42001.20408
   1.31100  42089.54470
   1.31200  42177.99187
   1.31300  42266.51820
   1.31400  42355.15107
   1.31500  42443.86310
   1.31600  42532.68169
   1.31700  42621.57943
   1.31800  42710.58372
   1.31900  42799.66717
   1.32000  42888.85717
   1.32100  42978.12632
   1.32200  43067.50203
   1.32300  43156.95689
   1.32400  43246.51831
   1.32500  43336.15888
   1.32600  43425.90600
   1.32700  43515.73228
   1.32800  43605.66511
   1.32900  43695.67709
   1.33000  43785.79563
   1.33100  43875.99333
   1.33200  43966.29757
   1.33300  44056.68097
   1.33400  44147.17092
   1.33500  44237.74003
   1.33600  44328.41569
   1.33700  44419.17051
   1.33800  44510.03188
   1.33900  44600.97240
   1.34000  44692.01948
   1.34100  44783.14571
   1.34200  44874.37849
   1.34300  44965.69043
   1.34400  45057.10892
   1.34500  45148.60657
   1.34600  45240.21077
   1.34700  45331.89412
   1.34800  45423.68403
   1.34900  45515.55309
   1.35000  45607.52870
   1.35100  45699.58347
   1.35200  45791.74479
   1.35300  45883.98527
   1.35400  45976.33230
   1.35500  46068.75849
   1.35600  46161.29122
   1.35700  46253.90312
   1.35800  46346.62156
   1.35900  46439.41916
   1.36000  46532.32331
   1.36100  46625.30662
   1.36200  46718.39648
   1.36300  46811.56550
   1.36400  46904.84106
   1.36500  46998.19579
   1.36600  47091.65706
   1.36700  47185.19749
   1.36800  47278.84447
   1.36900  47372.57061
   1.37000  47466.40330
   1.37100  47560.31515
   1.37200  47654.33355
   1.37300  47748.43110
   1.37400  47842.63520
   1.37500  47936.91847
   1.37600  48031.30828
   1.37700  48125.77725
   1.37800  48220.35277
   1.37900  48315.00745
   1.38000  48409.76867
   1.38100  48504.60906
   1.38200  48599.55599
   1.38300  48694.58209
   1.38400  48789.71473
   1.38500  48884.92653
   1.38600  48980.24488
   1.38700  49075.64239
   1.38800  49171.14645
   1.38900  49266.72966
   1.39000  49362.41943
   1.39100  49458.18835
   1.39200  49554.06382
   1.39300  49650.01846
   1.39400  49746.07964
   1.39500  49842.21998
   1.39600  49938.46686
   1.39700  50034.79291
   1.39800  50131.22551
   1.39900  50227.73726
   1.40000  50324.35556
   1.40100  50421.05303
   1.40200  50517.85704
   1.40300  50614.74021
   1.40400  50711.72992
   1.40500  50808.79880
   1.40600  50905.97423
   1.40700  51003.22881
   1.40800  51100.58995
   1.40900  51198.03024
   1.41000  51295.57708
   1.41100  51393.20308
   1.41200  51490.93563
   1.41300  51588.74734
   1.41400  51686.66559
   1.41500  51784.66301
   1.41600  51882.76697
   1.41700  51980.95010
   1.41800  52079.23977
   1.41900  52177.60860
   1.42000  52276.08398
   1.42100  52374.63852
   1.42200  52473.29960
   1.42300  52572.03985
   1.42400  52670.88664
   1.42500  52769.81260
   1.42600  52868.84510
   1.42700  52967.95676
   1.42800  53067.17497
   1.42900  53166.47234
   1.43000  53265.87626
   1.43100  53365.35934
   1.43200  53464.94896
   1.43300  53564.61774
   1.43400  53664.39308
   1.43500  53764.24757
   1.43600  53864.20861
   1.43700  53964.24881
   1.43800  54064.39556
   1.43900  54164.62146
   1.44000  54264.95392
   1.44100  54365.36554
   1.44200  54465.88370
   1.44300  54566.48102
   1.44400  54667.18489
   1.44500  54767.96792
   1.44600  54868.85750
   1.44700  54969.82624
   1.44800  55070.90152
   1.44900  55172.05597
   1.45000  55273.31696
   1.45100  55374.65712
   1.45200  55476.10382
   1.45300  55577.62968
   1.45400  55679.26209
   1.45500  55780.97366
   1.45600  55882.79177
   1.45700  55984.68905
   1.45800  56086.69287
   1.45900  56188.77586
   1.46000  56290.96539
   1.46100  56393.23408
   1.46200  56495.60932
   1.46300  56598.06372
   1.46400  56700.62466
   1.46500  56803.26477
   1.46600  56906.01143
   1.46700  57008.83724
   1.46800  57111.76960
   1.46900  57214.78112
   1.47000  57317.89919
   1.47100  57421.09642
   1.47200  57524.40020
   1.47300  57627.78314
   1.47400  57731.27262
   1.47500  57834.84127
   1.47600  57938.51646
   1.47700  58042.27081
   1.47800  58146.13171
   1.47900  58250.07177
   1.48000  58354.11838
   1.48100  58458.24415
   1.48200  58562.47647
   1.48300  58666.78794
   1.48400  58771.20596
   1.48500  58875.70315
   1.48600  58980.30688
   1.48700  59084.98977
   1.48800  59189.77921
   1.48900  59294.64781
   1.49000  59399.62295
   1.49100  59504.67726
   1.49200  59609.83811
   1.49300  59715.07813
   1.49400  59820.42485
   1.49500  59925.86269
   1.49600  60031.78439
   1.49700  60142.05518
   1.49800  60264.03101
   1.49900  60364.08431
   1.50000  60408.22142
# </ BondPotential>
