# <PairPotential>
   0.00000  5922.95543
   0.00100  5912.58385
   0.00200  5900.60134
   0.00300  5886.55228
   0.00400  5869.85398
   0.00500  5849.82363
   0.00600  5825.76440
   0.00700  5797.13050
   0.00800  5763.76048
   0.00900  5726.10603
   0.01000  5685.32045
   0.01100  5643.07948
   0.01200  5601.13951
   0.01300  5560.82215
   0.01400  5522.68037
   0.01500  5486.48351
   0.01600  5451.47484
   0.01700  5416.75516
   0.01800  5381.64668
   0.01900  5345.93021
   0.02000  5309.88840
   0.02100  5274.14330
   0.02200  5239.35717
   0.02300  5205.93043
   0.02400  5173.82697
   0.02500  5142.58483
   0.02600  5111.48621
   0.02700  5079.81407
   0.02800  5047.10960
   0.02900  5013.34618
   0.03000  4978.94852
   0.03100  4944.63183
   0.03200  4911.11691
   0.03300  4878.84472
   0.03400  4847.81417
   0.03500  4817.59835
   0.03600  4787.51390
   0.03700  4756.87279
   0.03800  4725.23378
   0.03900  4692.57224
   0.04000  4659.29939
   0.04100  4626.10729
   0.04200  4593.69334
   0.04300  4562.48440
   0.04400  4532.47983
   0.04500  4503.26717
   0.04600  4474.18588
   0.04700  4444.57074
   0.04800  4413.99496
   0.04900  4382.43433
   0.05000  4350.28590
   0.05100  4318.21822
   0.05200  4286.90519
   0.05300  4256.75947
   0.05400  4227.78088
   0.05500  4199.57137
   0.05600  4171.49324
   0.05700  4142.90407
   0.05800  4113.39152
   0.05900  4082.93180
   0.06000  4051.90779
   0.06100  4020.96453
   0.06200  3990.75241
   0.06300  3961.66992
   0.06400  3933.71730
   0.06500  3906.51095
   0.06600  3879.43597
   0.06700  3851.87278
   0.06800  3823.42345
   0.06900  3794.06465
   0.07000  3764.16506
   0.07100  3734.34621
   0.07200  3705.23501
   0.07300  3677.21575
   0.07400  3650.28910
   0.07500  3624.08590
   0.07600  3598.01409
   0.07700  3571.47686
   0.07800  3544.09077
   0.07900  3515.83288
   0.08000  3487.05771
   0.08100  3458.36328
   0.08200  3430.35299
   0.08300  3403.39696
   0.08400  3377.49628
   0.08500  3352.29624
   0.08600  3327.22758
   0.08700  3301.71633
   0.08800  3275.39346
   0.08900  3248.23648
   0.09000  3220.58573
   0.09100  3193.01572
   0.09200  3166.10634
   0.09300  3140.21355
   0.09400  3115.33883
   0.09500  3091.14196
   0.09600  3067.07645
   0.09700  3042.59117
   0.09800  3017.33153
   0.09900  2991.27547
   0.10000  2964.74914
   0.10100  2938.30355
   0.10200  2912.49508
   0.10300  2887.66551
   0.10400  2863.81677
   0.10500  2840.62305
   0.10600  2817.56070
   0.10700  2794.10139
   0.10800  2769.90498
   0.10900  2744.94983
   0.11000  2719.54792
   0.11100  2694.22675
   0.11200  2669.51919
   0.11300  2645.75285
   0.11400  2622.93008
   0.11500  2600.73952
   0.11600  2578.68033
   0.11700  2556.24699
   0.11800  2533.11381
   0.11900  2509.25957
   0.12000  2484.98208
   0.12100  2460.78533
   0.12200  2437.17869
   0.12300  2414.47557
   0.12400  2392.67878
   0.12500  2371.49137
   0.12600  2350.43534
   0.12700  2329.02797
   0.12800  2306.95802
   0.12900  2284.20469
   0.13000  2261.05162
   0.13100  2237.97928
   0.13200  2215.47356
   0.13300  2193.83367
   0.13400  2173.06285
   0.13500  2152.87860
   0.13600  2132.82573
   0.13700  2112.44433
   0.13800  2091.43761
   0.13900  2069.78519
   0.14000  2047.75654
   0.14100  2025.80862
   0.14200  2004.40381
   0.14300  1983.82715
   0.14400  1964.08230
   0.14500  1944.90120
   0.14600  1925.85149
   0.14700  1906.49606
   0.14800  1886.55257
   0.14900  1866.00107
   0.15000  1845.09683
   0.15100  1824.27334
   0.15200  1803.96943
   0.15300  1784.45601
   0.15400  1765.73712
   0.15500  1747.55919
   0.15600  1729.51263
   0.15700  1711.18318
   0.15800  1692.30291
   0.15900  1672.85232
   0.16000  1653.07251
   0.16100  1633.37343
   0.16200  1614.17044
   0.16300  1595.72024
   0.16400  1578.02733
   0.16500  1560.85255
   0.16600  1543.80915
   0.16700  1526.50567
   0.16800  1508.68863
   0.16900  1490.33896
   0.17000  1471.68356
   0.17100  1453.10890
   0.17200  1435.00682
   0.17300  1417.61985
   0.17400  1400.95292
   0.17500  1384.78130
   0.17600  1368.74105
   0.17700  1352.46354
   0.17800  1335.70973
   0.17900  1318.46097
   0.18000  1300.92999
   0.18100  1283.47975
   0.18200  1266.47859
   0.18300  1250.15485
   0.18400  1234.51388
   0.18500  1219.34542
   0.18600  1204.30833
   0.18700  1189.05679
   0.18800  1173.36621
   0.18900  1157.21836
   0.19000  1140.81180
   0.19100  1124.48598
   0.19200  1108.58573
   0.19300  1093.32522
   0.19400  1078.71022
   0.19500  1064.54491
   0.19600  1050.51099
   0.19700  1036.28542
   0.19800  1021.65807
   0.19900  1006.61113
   0.20000   991.32899
   0.20100   976.12759
   0.20200   961.32825
   0.20300   947.13096
   0.20400   933.54194
   0.20500   920.37979
   0.20600   907.34902
   0.20700   894.14943
   0.20800   880.58530
   0.20900   866.63928
   0.21000   852.48156
   0.21100   838.40457
   0.21200   824.70615
   0.21300   811.57209
   0.21400   799.00904
   0.21500   786.85005
   0.21600   774.82243
   0.21700   762.64881
   0.21800   750.14792
   0.21900   737.30280
   0.22000   724.26950
   0.22100   711.31694
   0.22200   698.71942
   0.22300   686.64860
   0.22400   675.11152
   0.22500   663.95568
   0.22600   652.93122
   0.22700   641.78357
   0.22800   630.34591
   0.22900   618.60171
   0.23000   606.69282
   0.23100   594.86468
   0.23200   583.36808
   0.23300   572.36048
   0.23400   561.84937
   0.23500   551.69669
   0.23600   541.67539
   0.23700   531.55372
   0.23800   521.17928
   0.23900   510.53599
   0.24000   499.75153
   0.24100   489.04780
   0.24200   478.65211
   0.24300   468.70774
   0.24400   459.22261
   0.24500   450.07309
   0.24600   441.05494
   0.24700   431.95924
   0.24800   422.64803
   0.24900   413.10565
   0.25000   403.44561
   0.25100   393.86630
   0.25200   384.57152
   0.25300   375.69038
   0.25400   367.23122
   0.25500   359.08485
   0.25600   351.06987
   0.25700   343.00013
   0.25800   334.75215
   0.25900   326.31069
   0.26000   317.77506
   0.26100   309.32018
   0.26200   301.12631
   0.26300   293.30840
   0.26400   285.87521
   0.26500   278.73200
   0.26600   271.72017
   0.26700   264.67641
   0.26800   257.49166
   0.26900   250.15111
   0.27000   242.73990
   0.27100   235.40943
   0.27200   228.31648
   0.27300   221.56180
   0.27400   215.15458
   0.27500   209.01453
   0.27600   203.00586
   0.27700   196.98807
   0.27800   190.86654
   0.27900   184.62691
   0.28000   178.34012
   0.28100   172.13407
   0.28200   166.14203
   0.28300   160.45057
   0.28400   155.06932
   0.28500   149.93243
   0.28600   144.92692
   0.28700   139.93510
   0.28800   134.87680
   0.28900   129.73808
   0.29000   124.57571
   0.29100   119.49408
   0.29200   114.60296
   0.29300   109.97473
   0.29400   105.61945
   0.29500   101.48572
   0.29600    97.48336
   0.29700    93.51751
   0.29800    89.52244
   0.29900    85.48463
   0.30000    81.44668
   0.30100    77.48947
   0.30200    73.69926
   0.30300    70.13426
   0.30400    66.80495
   0.30500    63.67438
   0.30600    60.67518
   0.30700    57.73530
   0.30800    54.80346
   0.30900    51.86657
   0.31000    48.95303
   0.31100    46.12024
   0.31200    43.43094
   0.31300    40.92917
   0.31400    38.62584
   0.31500    36.49842
   0.31600    34.50237
   0.31700    32.58846
   0.31800    30.71984
   0.31900    28.88382
   0.32000    27.09464
   0.32100    25.38611
   0.32200    23.79739
   0.32300    22.35817
   0.32400    21.07947
   0.32500    19.95267
   0.32600    18.95510
   0.32700    18.05879
   0.32800    17.23901
   0.32900    16.48006
   0.33000    15.77731
   0.33100    15.13501
   0.33200    14.56143
   0.33300    14.06347
   0.33400    13.64311
   0.33500    13.29658
   0.33600    13.01552
   0.33700    12.78917
   0.33800    12.60641
   0.33900    12.45713
   0.34000    12.33290
   0.34100    12.22693
   0.34200    12.13373
   0.34300    12.04856
   0.34400    11.96713
   0.34500    11.88552
   0.34600    11.80045
   0.34700    11.70970
   0.34800    11.61272
   0.34900    11.51096
   0.35000    11.40780
   0.35100    11.30791
   0.35200    11.21619
   0.35300    11.13669
   0.35400    11.07189
   0.35500    11.02252
   0.35600    10.98771
   0.35700    10.96525
   0.35800    10.95177
   0.35900    10.94286
   0.36000    10.93314
   0.36100    10.91649
   0.36200    10.88631
   0.36300    10.83596
   0.36400    10.75908
   0.36500    10.65009
   0.36600    10.50483
   0.36700    10.32161
   0.36800    10.10224
   0.36900     9.85285
   0.37000     9.58352
   0.37100     9.30659
   0.37200     9.03393
   0.37300     8.77425
   0.37400     8.53164
   0.37500     8.30566
   0.37600     8.09274
   0.37700     7.88827
   0.37800     7.68859
   0.37900     7.49235
   0.38000     7.30093
   0.38100     7.11767
   0.38200     6.94643
   0.38300     6.79005
   0.38400     6.64938
   0.38500     6.52321
   0.38600     6.40893
   0.38700     6.30351
   0.38800     6.20448
   0.38900     6.11061
   0.39000     6.02210
   0.39100     5.94027
   0.39200     5.86689
   0.39300     5.80342
   0.39400     5.75057
   0.39500     5.70816
   0.39600     5.67529
   0.39700     5.65059
   0.39800     5.63243
   0.39900     5.61916
   0.40000     5.60913
   0.40100     5.60079
   0.40200     5.59268
   0.40300     5.58350
   0.40400     5.57211
   0.40500     5.55758
   0.40600     5.53919
   0.40700     5.51660
   0.40800     5.48989
   0.40900     5.45971
   0.41000     5.42714
   0.41100     5.39357
   0.41200     5.36030
   0.41300     5.32827
   0.41400     5.29784
   0.41500     5.26882
   0.41600     5.24067
   0.41700     5.21267
   0.41800     5.18423
   0.41900     5.15502
   0.42000     5.12500
   0.42100     5.09429
   0.42200     5.06299
   0.42300     5.03091
   0.42400     4.99755
   0.42500     4.96210
   0.42600     4.92369
   0.42700     4.88169
   0.42800     4.83607
   0.42900     4.78763
   0.43000     4.73796
   0.43100     4.68922
   0.43200     4.64363
   0.43300     4.60297
   0.43400     4.56831
   0.43500     4.53992
   0.43600     4.51749
   0.43700     4.50032
   0.43800     4.48754
   0.43900     4.47830
   0.44000     4.47181
   0.44100     4.46741
   0.44200     4.46456
   0.44300     4.46288
   0.44400     4.46206
   0.44500     4.46191
   0.44600     4.46228
   0.44700     4.46306
   0.44800     4.46415
   0.44900     4.46543
   0.45000     4.46672
   0.45100     4.46788
   0.45200     4.46870
   0.45300     4.46903
   0.45400     4.46872
   0.45500     4.46765
   0.45600     4.46573
   0.45700     4.46292
   0.45800     4.45920
   0.45900     4.45460
   0.46000     4.44920
   0.46100     4.44304
   0.46200     4.43615
   0.46300     4.42845
   0.46400     4.41977
   0.46500     4.40989
   0.46600     4.39856
   0.46700     4.38565
   0.46800     4.37124
   0.46900     4.35568
   0.47000     4.33959
   0.47100     4.32378
   0.47200     4.30906
   0.47300     4.29610
   0.47400     4.28532
   0.47500     4.27685
   0.47600     4.27059
   0.47700     4.26626
   0.47800     4.26348
   0.47900     4.26176
   0.48000     4.26055
   0.48100     4.25929
   0.48200     4.25737
   0.48300     4.25425
   0.48400     4.24942
   0.48500     4.24244
   0.48600     4.23299
   0.48700     4.22093
   0.48800     4.20631
   0.48900     4.18948
   0.49000     4.17102
   0.49100     4.15161
   0.49200     4.13191
   0.49300     4.11234
   0.49400     4.09301
   0.49500     4.07378
   0.49600     4.05436
   0.49700     4.03457
   0.49800     4.01448
   0.49900     3.99462
   0.50000     3.97597
   0.50100     3.95990
   0.50200     3.94792
   0.50300     3.94150
   0.50400     3.94186
   0.50500     3.94989
   0.50600     3.96609
   0.50700     3.99042
   0.50800     4.02225
   0.50900     4.06023
   0.51000     4.10237
   0.51100     4.14635
   0.51200     4.18997
   0.51300     4.23159
   0.51400     4.27036
   0.51500     4.30622
   0.51600     4.33966
   0.51700     4.37135
   0.51800     4.40186
   0.51900     4.43139
   0.52000     4.45972
   0.52100     4.48631
   0.52200     4.51051
   0.52300     4.53177
   0.52400     4.54983
   0.52500     4.56469
   0.52600     4.57658
   0.52700     4.58579
   0.52800     4.59259
   0.52900     4.59711
   0.53000     4.59932
   0.53100     4.59901
   0.53200     4.59579
   0.53300     4.58916
   0.53400     4.57857
   0.53500     4.56348
   0.53600     4.54351
   0.53700     4.51859
   0.53800     4.48919
   0.53900     4.45643
   0.54000     4.42207
   0.54100     4.38828
   0.54200     4.35725
   0.54300     4.33085
   0.54400     4.31034
   0.54500     4.29634
   0.54600     4.28888
   0.54700     4.28759
   0.54800     4.29170
   0.54900     4.30016
   0.55000     4.31173
   0.55100     4.32510
   0.55200     4.33905
   0.55300     4.35269
   0.55400     4.36545
   0.55500     4.37716
   0.55600     4.38792
   0.55700     4.39800
   0.55800     4.40772
   0.55900     4.41742
   0.56000     4.42737
   0.56100     4.43788
   0.56200     4.44926
   0.56300     4.46192
   0.56400     4.47638
   0.56500     4.49317
   0.56600     4.51283
   0.56700     4.53566
   0.56800     4.56163
   0.56900     4.59026
   0.57000     4.62063
   0.57100     4.65156
   0.57200     4.68190
   0.57300     4.71084
   0.57400     4.73803
   0.57500     4.76362
   0.57600     4.78808
   0.57700     4.81197
   0.57800     4.83572
   0.57900     4.85951
   0.58000     4.88321
   0.58100     4.90648
   0.58200     4.92896
   0.58300     4.95044
   0.58400     4.97098
   0.58500     4.99089
   0.58600     5.01064
   0.58700     5.03065
   0.58800     5.05119
   0.58900     5.07221
   0.59000     5.09333
   0.59100     5.11398
   0.59200     5.13355
   0.59300     5.15156
   0.59400     5.16779
   0.59500     5.18228
   0.59600     5.19521
   0.59700     5.20677
   0.59800     5.21705
   0.59900     5.22588
   0.60000     5.23283
   0.60100     5.23721
   0.60200     5.23821
   0.60300     5.23492
   0.60400     5.22650
   0.60500     5.21225
   0.60600     5.19176
   0.60700     5.16505
   0.60800     5.13280
   0.60900     5.09649
   0.61000     5.05835
   0.61100     5.02110
   0.61200     4.98754
   0.61300     4.96006
   0.61400     4.94037
   0.61500     4.92943
   0.61600     4.92748
   0.61700     4.93416
   0.61800     4.94856
   0.61900     4.96925
   0.62000     4.99439
   0.62100     5.02200
   0.62200     5.05024
   0.62300     5.07774
   0.62400     5.10372
   0.62500     5.12805
   0.62600     5.15098
   0.62700     5.17299
   0.62800     5.19450
   0.62900     5.21572
   0.63000     5.23665
   0.63100     5.25708
   0.63200     5.27679
   0.63300     5.29568
   0.63400     5.31385
   0.63500     5.33160
   0.63600     5.34929
   0.63700     5.36725
   0.63800     5.38551
   0.63900     5.40379
   0.64000     5.42141
   0.64100     5.43741
   0.64200     5.45073
   0.64300     5.46040
   0.64400     5.46568
   0.64500     5.46609
   0.64600     5.46151
   0.64700     5.45213
   0.64800     5.43850
   0.64900     5.42161
   0.65000     5.40279
   0.65100     5.38359
   0.65200     5.36553
   0.65300     5.34986
   0.65400     5.33746
   0.65500     5.32876
   0.65600     5.32381
   0.65700     5.32242
   0.65800     5.32412
   0.65900     5.32831
   0.66000     5.33426
   0.66100     5.34119
   0.66200     5.34839
   0.66300     5.35529
   0.66400     5.36153
   0.66500     5.36696
   0.66600     5.37154
   0.66700     5.37536
   0.66800     5.37851
   0.66900     5.38109
   0.67000     5.38314
   0.67100     5.38469
   0.67200     5.38571
   0.67300     5.38618
   0.67400     5.38603
   0.67500     5.38523
   0.67600     5.38372
   0.67700     5.38144
   0.67800     5.37836
   0.67900     5.37443
   0.68000     5.36963
   0.68100     5.36387
   0.68200     5.35703
   0.68300     5.34889
   0.68400     5.33914
   0.68500     5.32743
   0.68600     5.31342
   0.68700     5.29692
   0.68800     5.27798
   0.68900     5.25698
   0.69000     5.23463
   0.69100     5.21181
   0.69200     5.18939
   0.69300     5.16797
   0.69400     5.14783
   0.69500     5.12887
   0.69600     5.11080
   0.69700     5.09325
   0.69800     5.07600
   0.69900     5.05907
   0.70000     5.04275
   0.70100     5.02754
   0.70200     5.01404
   0.70300     5.00272
   0.70400     4.99392
   0.70500     4.98777
   0.70600     4.98420
   0.70700     4.98302
   0.70800     4.98395
   0.70900     4.98661
   0.71000     4.99060
   0.71100     4.99549
   0.71200     5.00092
   0.71300     5.00665
   0.71400     5.01256
   0.71500     5.01862
   0.71600     5.02488
   0.71700     5.03135
   0.71800     5.03795
   0.71900     5.04446
   0.72000     5.05046
   0.72100     5.05543
   0.72200     5.05875
   0.72300     5.05983
   0.72400     5.05815
   0.72500     5.05333
   0.72600     5.04512
   0.72700     5.03348
   0.72800     5.01864
   0.72900     5.00113
   0.73000     4.98176
   0.73100     4.96147
   0.73200     4.94116
   0.73300     4.92147
   0.73400     4.90267
   0.73500     4.88468
   0.73600     4.86720
   0.73700     4.84985
   0.73800     4.83234
   0.73900     4.81458
   0.74000     4.79669
   0.74100     4.77893
   0.74200     4.76159
   0.74300     4.74481
   0.74400     4.72852
   0.74500     4.71245
   0.74600     4.69620
   0.74700     4.67942
   0.74800     4.66189
   0.74900     4.64363
   0.75000     4.62493
   0.75100     4.60621
   0.75200     4.58792
   0.75300     4.57034
   0.75400     4.55350
   0.75500     4.53721
   0.75600     4.52114
   0.75700     4.50498
   0.75800     4.48856
   0.75900     4.47198
   0.76000     4.45562
   0.76100     4.44004
   0.76200     4.42586
   0.76300     4.41359
   0.76400     4.40354
   0.76500     4.39579
   0.76600     4.39019
   0.76700     4.38646
   0.76800     4.38421
   0.76900     4.38293
   0.77000     4.38206
   0.77100     4.38099
   0.77200     4.37909
   0.77300     4.37577
   0.77400     4.37047
   0.77500     4.36276
   0.77600     4.35231
   0.77700     4.33903
   0.77800     4.32310
   0.77900     4.30503
   0.78000     4.28569
   0.78100     4.26610
   0.78200     4.24729
   0.78300     4.23006
   0.78400     4.21488
   0.78500     4.20186
   0.78600     4.19086
   0.78700     4.18157
   0.78800     4.17363
   0.78900     4.16672
   0.79000     4.16057
   0.79100     4.15497
   0.79200     4.14974
   0.79300     4.14471
   0.79400     4.13970
   0.79500     4.13452
   0.79600     4.12899
   0.79700     4.12301
   0.79800     4.11655
   0.79900     4.10972
   0.80000     4.10273
   0.80100     4.09589
   0.80200     4.08952
   0.80300     4.08386
   0.80400     4.07907
   0.80500     4.07516
   0.80600     4.07208
   0.80700     4.06965
   0.80800     4.06769
   0.80900     4.06592
   0.81000     4.06405
   0.81100     4.06175
   0.81200     4.05867
   0.81300     4.05442
   0.81400     4.04864
   0.81500     4.04098
   0.81600     4.03118
   0.81700     4.01913
   0.81800     4.00494
   0.81900     3.98903
   0.82000     3.97206
   0.82100     3.95487
   0.82200     3.93826
   0.82300     3.92287
   0.82400     3.90902
   0.82500     3.89676
   0.82600     3.88586
   0.82700     3.87600
   0.82800     3.86679
   0.82900     3.85786
   0.83000     3.84889
   0.83100     3.83957
   0.83200     3.82955
   0.83300     3.81843
   0.83400     3.80577
   0.83500     3.79105
   0.83600     3.77385
   0.83700     3.75393
   0.83800     3.73137
   0.83900     3.70671
   0.84000     3.68092
   0.84100     3.65520
   0.84200     3.63079
   0.84300     3.60865
   0.84400     3.58937
   0.84500     3.57307
   0.84600     3.55957
   0.84700     3.54851
   0.84800     3.53947
   0.84900     3.53208
   0.85000     3.52605
   0.85100     3.52121
   0.85200     3.51744
   0.85300     3.51468
   0.85400     3.51287
   0.85500     3.51195
   0.85600     3.51185
   0.85700     3.51246
   0.85800     3.51364
   0.85900     3.51517
   0.86000     3.51682
   0.86100     3.51828
   0.86200     3.51925
   0.86300     3.51943
   0.86400     3.51858
   0.86500     3.51649
   0.86600     3.51300
   0.86700     3.50802
   0.86800     3.50153
   0.86900     3.49356
   0.87000     3.48424
   0.87100     3.47364
   0.87200     3.46181
   0.87300     3.44861
   0.87400     3.43375
   0.87500     3.41685
   0.87600     3.39751
   0.87700     3.37553
   0.87800     3.35103
   0.87900     3.32466
   0.88000     3.29753
   0.88100     3.27106
   0.88200     3.24673
   0.88300     3.22578
   0.88400     3.20903
   0.88500     3.19684
   0.88600     3.18920
   0.88700     3.18583
   0.88800     3.18626
   0.88900     3.18990
   0.89000     3.19614
   0.89100     3.20437
   0.89200     3.21413
   0.89300     3.22514
   0.89400     3.23736
   0.89500     3.25095
   0.89600     3.26611
   0.89700     3.28301
   0.89800     3.30154
   0.89900     3.32131
   0.90000     3.34156
   0.90100     3.36129
   0.90200     3.37949
   0.90300     3.39532
   0.90400     3.40821
   0.90500     3.41795
   0.90600     3.42455
   0.90700     3.42820
   0.90800     3.42918
   0.90900     3.42780
   0.91000     3.42434
   0.91100     3.41901
   0.91200     3.41190
   0.91300     3.40295
   0.91400     3.39197
   0.91500     3.37865
   0.91600     3.36271
   0.91700     3.34403
   0.91800     3.32278
   0.91900     3.29957
   0.92000     3.27541
   0.92100     3.25159
   0.92200     3.22940
   0.92300     3.20990
   0.92400     3.19378
   0.92500     3.18127
   0.92600     3.17228
   0.92700     3.16644
   0.92800     3.16322
   0.92900     3.16197
   0.93000     3.16198
   0.93100     3.16251
   0.93200     3.16287
   0.93300     3.16243
   0.93400     3.16069
   0.93500     3.15729
   0.93600     3.15199
   0.93700     3.14475
   0.93800     3.13570
   0.93900     3.12522
   0.94000     3.11387
   0.94100     3.10234
   0.94200     3.09130
   0.94300     3.08130
   0.94400     3.07266
   0.94500     3.06551
   0.94600     3.05980
   0.94700     3.05537
   0.94800     3.05203
   0.94900     3.04960
   0.95000     3.04790
   0.95100     3.04681
   0.95200     3.04624
   0.95300     3.04613
   0.95400     3.04646
   0.95500     3.04722
   0.95600     3.04841
   0.95700     3.05003
   0.95800     3.05207
   0.95900     3.05446
   0.96000     3.05716
   0.96100     3.06008
   0.96200     3.06316
   0.96300     3.06637
   0.96400     3.06974
   0.96500     3.07332
   0.96600     3.07718
   0.96700     3.08138
   0.96800     3.08588
   0.96900     3.09059
   0.97000     3.09531
   0.97100     3.09978
   0.97200     3.10372
   0.97300     3.10689
   0.97400     3.10909
   0.97500     3.11022
   0.97600     3.11022
   0.97700     3.10909
   0.97800     3.10686
   0.97900     3.10357
   0.98000     3.09928
   0.98100     3.09401
   0.98200     3.08772
   0.98300     3.08028
   0.98400     3.07150
   0.98500     3.06109
   0.98600     3.04881
   0.98700     3.03456
   0.98800     3.01846
   0.98900     3.00098
   0.99000     2.98291
   0.99100     2.96525
   0.99200     2.94902
   0.99300     2.93510
   0.99400     2.92404
   0.99500     2.91612
   0.99600     2.91131
   0.99700     2.90939
   0.99800     2.90998
   0.99900     2.91261
   1.00000     2.91668
   1.00100     2.92164
   1.00200     2.92693
   1.00300     2.93214
   1.00400     2.93702
   1.00500     2.94142
   1.00600     2.94531
   1.00700     2.94867
   1.00800     2.95148
   1.00900     2.95360
   1.01000     2.95484
   1.01100     2.95488
   1.01200     2.95334
   1.01300     2.94979
   1.01400     2.94379
   1.01500     2.93494
   1.01600     2.92294
   1.01700     2.90766
   1.01800     2.88926
   1.01900     2.86824
   1.02000     2.84542
   1.02100     2.82179
   1.02200     2.79830
   1.02300     2.77561
   1.02400     2.75401
   1.02500     2.73339
   1.02600     2.71340
   1.02700     2.69366
   1.02800     2.67388
   1.02900     2.65406
   1.03000     2.63450
   1.03100     2.61568
   1.03200     2.59814
   1.03300     2.58231
   1.03400     2.56839
   1.03500     2.55634
   1.03600     2.54596
   1.03700     2.53699
   1.03800     2.52919
   1.03900     2.52242
   1.04000     2.51666
   1.04100     2.51203
   1.04200     2.50869
   1.04300     2.50683
   1.04400     2.50662
   1.04500     2.50816
   1.04600     2.51148
   1.04700     2.51645
   1.04800     2.52282
   1.04900     2.53008
   1.05000     2.53755
   1.05100     2.54440
   1.05200     2.54976
   1.05300     2.55284
   1.05400     2.55300
   1.05500     2.54979
   1.05600     2.54296
   1.05700     2.53255
   1.05800     2.51890
   1.05900     2.50267
   1.06000     2.48484
   1.06100     2.46659
   1.06200     2.44904
   1.06300     2.43309
   1.06400     2.41931
   1.06500     2.40789
   1.06600     2.39873
   1.06700     2.39157
   1.06800     2.38602
   1.06900     2.38169
   1.07000     2.37817
   1.07100     2.37509
   1.07200     2.37209
   1.07300     2.36885
   1.07400     2.36508
   1.07500     2.36055
   1.07600     2.35507
   1.07700     2.34858
   1.07800     2.34118
   1.07900     2.33311
   1.08000     2.32484
   1.08100     2.31690
   1.08200     2.30990
   1.08300     2.30433
   1.08400     2.30056
   1.08500     2.29879
   1.08600     2.29907
   1.08700     2.30128
   1.08800     2.30516
   1.08900     2.31028
   1.09000     2.31608
   1.09100     2.32193
   1.09200     2.32717
   1.09300     2.33126
   1.09400     2.33379
   1.09500     2.33452
   1.09600     2.33338
   1.09700     2.33045
   1.09800     2.32598
   1.09900     2.32042
   1.10000     2.31435
   1.10100     2.30848
   1.10200     2.30350
   1.10300     2.30005
   1.10400     2.29862
   1.10500     2.29950
   1.10600     2.30282
   1.10700     2.30850
   1.10800     2.31621
   1.10900     2.32537
   1.11000     2.33518
   1.11100     2.34466
   1.11200     2.35283
   1.11300     2.35880
   1.11400     2.36191
   1.11500     2.36174
   1.11600     2.35809
   1.11700     2.35106
   1.11800     2.34098
   1.11900     2.32851
   1.12000     2.31453
   1.12100     2.30009
   1.12200     2.28618
   1.12300     2.27360
   1.12400     2.26287
   1.12500     2.25416
   1.12600     2.24739
   1.12700     2.24228
   1.12800     2.23840
   1.12900     2.23522
   1.13000     2.23212
   1.13100     2.22842
   1.13200     2.22340
   1.13300     2.21633
   1.13400     2.20653
   1.13500     2.19339
   1.13600     2.17648
   1.13700     2.15567
   1.13800     2.13132
   1.13900     2.10433
   1.14000     2.07613
   1.14100     2.04852
   1.14200     2.02334
   1.14300     2.00214
   1.14400     1.98599
   1.14500     1.97543
   1.14600     1.97049
   1.14700     1.97083
   1.14800     1.97574
   1.14900     1.98423
   1.15000     1.99506
   1.15100     2.00690
   1.15200     2.01845
   1.15300     2.02867
   1.15400     2.03682
   1.15500     2.04253
   1.15600     2.04570
   1.15700     2.04647
   1.15800     2.04517
   1.15900     2.04228
   1.16000     2.03841
   1.16100     2.03419
   1.16200     2.03028
   1.16300     2.02722
   1.16400     2.02539
   1.16500     2.02505
   1.16600     2.02628
   1.16700     2.02899
   1.16800     2.03294
   1.16900     2.03770
   1.17000     2.04268
   1.17100     2.04718
   1.17200     2.05045
   1.17300     2.05182
   1.17400     2.05071
   1.17500     2.04671
   1.17600     2.03957
   1.17700     2.02929
   1.17800     2.01612
   1.17900     2.00063
   1.18000     1.98366
   1.18100     1.96620
   1.18200     1.94923
   1.18300     1.93351
   1.18400     1.91946
   1.18500     1.90720
   1.18600     1.89658
   1.18700     1.88733
   1.18800     1.87913
   1.18900     1.87170
   1.19000     1.86481
   1.19100     1.85831
   1.19200     1.85206
   1.19300     1.84591
   1.19400     1.83969
   1.19500     1.83319
   1.19600     1.82624
   1.19700     1.81872
   1.19800     1.81065
   1.19900     1.80223
   1.20000     1.79381
   1.20100     1.78589
   1.20200     1.77898
   1.20300     1.77354
   1.20400     1.76991
   1.20500     1.76829
   1.20600     1.76871
   1.20700     1.77111
   1.20800     1.77527
   1.20900     1.78085
   1.21000     1.78740
   1.21100     1.79442
   1.21200     1.80144
   1.21300     1.80810
   1.21400     1.81418
   1.21500     1.81961
   1.21600     1.82441
   1.21700     1.82866
   1.21800     1.83243
   1.21900     1.83572
   1.22000     1.83848
   1.22100     1.84059
   1.22200     1.84188
   1.22300     1.84218
   1.22400     1.84133
   1.22500     1.83921
   1.22600     1.83573
   1.22700     1.83092
   1.22800     1.82489
   1.22900     1.81791
   1.23000     1.81036
   1.23100     1.80270
   1.23200     1.79539
   1.23300     1.78880
   1.23400     1.78313
   1.23500     1.77845
   1.23600     1.77472
   1.23700     1.77176
   1.23800     1.76937
   1.23900     1.76729
   1.24000     1.76522
   1.24100     1.76284
   1.24200     1.75982
   1.24300     1.75581
   1.24400     1.75044
   1.24500     1.74339
   1.24600     1.73440
   1.24700     1.72331
   1.24800     1.71017
   1.24900     1.69524
   1.25000     1.67901
   1.25100     1.66206
   1.25200     1.64494
   1.25300     1.62799
   1.25400     1.61129
   1.25500     1.59468
   1.25600     1.57783
   1.25700     1.56046
   1.25800     1.54243
   1.25900     1.52389
   1.26000     1.50529
   1.26100     1.48728
   1.26200     1.47054
   1.26300     1.45564
   1.26400     1.44288
   1.26500     1.43233
   1.26600     1.42386
   1.26700     1.41724
   1.26800     1.41223
   1.26900     1.40863
   1.27000     1.40630
   1.27100     1.40521
   1.27200     1.40541
   1.27300     1.40699
   1.27400     1.41010
   1.27500     1.41488
   1.27600     1.42144
   1.27700     1.42977
   1.27800     1.43972
   1.27900     1.45090
   1.28000     1.46272
   1.28100     1.47448
   1.28200     1.48544
   1.28300     1.49501
   1.28400     1.50278
   1.28500     1.50858
   1.28600     1.51239
   1.28700     1.51432
   1.28800     1.51453
   1.28900     1.51323
   1.29000     1.51059
   1.29100     1.50678
   1.29200     1.50188
   1.29300     1.49586
   1.29400     1.48859
   1.29500     1.47989
   1.29600     1.46954
   1.29700     1.45744
   1.29800     1.44364
   1.29900     1.42843
   1.30000     1.41235
   1.30100     1.39606
   1.30200     1.38024
   1.30300     1.36536
   1.30400     1.35165
   1.30500     1.33910
   1.30600     1.32750
   1.30700     1.31657
   1.30800     1.30606
   1.30900     1.29586
   1.31000     1.28596
   1.31100     1.27645
   1.31200     1.26745
   1.31300     1.25904
   1.31400     1.25120
   1.31500     1.24383
   1.31600     1.23677
   1.31700     1.22990
   1.31800     1.22318
   1.31900     1.21668
   1.32000     1.21065
   1.32100     1.20545
   1.32200     1.20146
   1.32300     1.19908
   1.32400     1.19862
   1.32500     1.20029
   1.32600     1.20418
   1.32700     1.21022
   1.32800     1.21816
   1.32900     1.22749
   1.33000     1.23754
   1.33100     1.24748
   1.33200     1.25648
   1.33300     1.26382
   1.33400     1.26900
   1.33500     1.27172
   1.33600     1.27189
   1.33700     1.26960
   1.33800     1.26510
   1.33900     1.25880
   1.34000     1.25124
   1.34100     1.24297
   1.34200     1.23456
   1.34300     1.22639
   1.34400     1.21868
   1.34500     1.21148
   1.34600     1.20467
   1.34700     1.19811
   1.34800     1.19163
   1.34900     1.18511
   1.35000     1.17847
   1.35100     1.17167
   1.35200     1.16468
   1.35300     1.15738
   1.35400     1.14962
   1.35500     1.14118
   1.35600     1.13188
   1.35700     1.12160
   1.35800     1.11044
   1.35900     1.09872
   1.36000     1.08701
   1.36100     1.07607
   1.36200     1.06670
   1.36300     1.05962
   1.36400     1.05536
   1.36500     1.05424
   1.36600     1.05638
   1.36700     1.06164
   1.36800     1.06966
   1.36900     1.07985
   1.37000     1.09137
   1.37100     1.10327
   1.37200     1.11465
   1.37300     1.12474
   1.37400     1.13305
   1.37500     1.13933
   1.37600     1.14356
   1.37700     1.14589
   1.37800     1.14656
   1.37900     1.14588
   1.38000     1.14419
   1.38100     1.14185
   1.38200     1.13915
   1.38300     1.13633
   1.38400     1.13354
   1.38500     1.13083
   1.38600     1.12821
   1.38700     1.12567
   1.38800     1.12319
   1.38900     1.12081
   1.39000     1.11860
   1.39100     1.11668
   1.39200     1.11517
   1.39300     1.11420
   1.39400     1.11387
   1.39500     1.11424
   1.39600     1.11534
   1.39700     1.11715
   1.39800     1.11958
   1.39900     1.12251
   1.40000     1.12572
   1.40100     1.12897
   1.40200     1.13203
   1.40300     1.13470
   1.40400     1.13685
   1.40500     1.13840
   1.40600     1.13932
   1.40700     1.13962
   1.40800     1.13932
   1.40900     1.13842
   1.41000     1.13691
   1.41100     1.13477
   1.41200     1.13192
   1.41300     1.12823
   1.41400     1.12354
   1.41500     1.11766
   1.41600     1.11041
   1.41700     1.10168
   1.41800     1.09152
   1.41900     1.08010
   1.42000     1.06779
   1.42100     1.05503
   1.42200     1.04222
   1.42300     1.02965
   1.42400     1.01739
   1.42500     1.00531
   1.42600     0.99321
   1.42700     0.98087
   1.42800     0.96820
   1.42900     0.95531
   1.43000     0.94253
   1.43100     0.93033
   1.43200     0.91923
   1.43300     0.90966
   1.43400     0.90189
   1.43500     0.89599
   1.43600     0.89190
   1.43700     0.88943
   1.43800     0.88833
   1.43900     0.88827
   1.44000     0.88891
   1.44100     0.88990
   1.44200     0.89089
   1.44300     0.89162
   1.44400     0.89185
   1.44500     0.89145
   1.44600     0.89034
   1.44700     0.88850
   1.44800     0.88599
   1.44900     0.88293
   1.45000     0.87949
   1.45100     0.87590
   1.45200     0.87235
   1.45300     0.86900
   1.45400     0.86594
   1.45500     0.86318
   1.45600     0.86070
   1.45700     0.85845
   1.45800     0.85639
   1.45900     0.85450
   1.46000     0.85278
   1.46100     0.85128
   1.46200     0.85004
   1.46300     0.84912
   1.46400     0.84853
   1.46500     0.84830
   1.46600     0.84840
   1.46700     0.84879
   1.46800     0.84938
   1.46900     0.85004
   1.47000     0.85059
   1.47100     0.85082
   1.47200     0.85050
   1.47300     0.84939
   1.47400     0.84728
   1.47500     0.84399
   1.47600     0.83939
   1.47700     0.83345
   1.47800     0.82624
   1.47900     0.81800
   1.48000     0.80907
   1.48100     0.79983
   1.48200     0.79059
   1.48300     0.78147
   1.48400     0.77228
   1.48500     0.76252
   1.48600     0.75138
   1.48700     0.73786
   1.48800     0.72094
   1.48900     0.69982
   1.49000     0.67415
   1.49100     0.64415
   1.49200     0.61054
   1.49300     0.57434
   1.49400     0.53659
   1.49500     0.49819
   1.49600     0.45986
   1.49700     0.42212
   1.49800     0.38536
   1.49900     0.34988
   1.50000     0.31594
# </ PairPotential>
