# <PairPotential>
   0.00000  5921.38629
   0.00100  5910.80443
   0.00200  5898.57942
   0.00300  5884.24658
   0.00400  5867.21167
   0.00500  5846.77836
   0.00600  5822.23602
   0.00700  5793.02818
   0.00800  5758.99035
   0.00900  5720.58351
   0.01000  5678.98427
   0.01100  5635.90209
   0.01200  5593.12875
   0.01300  5552.01250
   0.01400  5513.11770
   0.01500  5476.20940
   0.01600  5440.51607
   0.01700  5405.12077
   0.01800  5369.33214
   0.01900  5332.92633
   0.02000  5296.19109
   0.02100  5259.76027
   0.02200  5224.30884
   0.02300  5190.24501
   0.02400  5157.53226
   0.02500  5125.70006
   0.02600  5094.01714
   0.02700  5061.75288
   0.02800  5028.43965
   0.02900  4994.05008
   0.03000  4959.01652
   0.03100  4924.06733
   0.03200  4889.93667
   0.03300  4857.07381
   0.03400  4825.47794
   0.03500  4794.71460
   0.03600  4764.08815
   0.03700  4732.89806
   0.03800  4700.69495
   0.03900  4667.45346
   0.04000  4633.59190
   0.04100  4599.81447
   0.04200  4566.83097
   0.04300  4535.07597
   0.04400  4504.54912
   0.04500  4474.83103
   0.04600  4445.24982
   0.04700  4415.12874
   0.04800  4384.03347
   0.04900  4351.93908
   0.05000  4319.24911
   0.05100  4286.64327
   0.05200  4254.80687
   0.05300  4224.15971
   0.05400  4194.70188
   0.05500  4166.02903
   0.05600  4137.49306
   0.05700  4108.44100
   0.05800  4078.45356
   0.05900  4047.50628
   0.06000  4015.98790
   0.06100  3984.55365
   0.06200  3953.86435
   0.06300  3924.32502
   0.06400  3895.93620
   0.06500  3868.30859
   0.06600  3840.81788
   0.06700  3812.83483
   0.06800  3783.95522
   0.06900  3754.15504
   0.07000  3723.80825
   0.07100  3693.54559
   0.07200  3664.00339
   0.07300  3635.57190
   0.07400  3608.25210
   0.07500  3581.66973
   0.07600  3555.22426
   0.07700  3528.31022
   0.07800  3500.53845
   0.07900  3471.88537
   0.08000  3442.71017
   0.08100  3413.61911
   0.08200  3385.22401
   0.08300  3357.90035
   0.08400  3331.64956
   0.08500  3306.11244
   0.08600  3280.71221
   0.08700  3254.86719
   0.08800  3228.20326
   0.08900  3200.69727
   0.09000  3172.69367
   0.09100  3144.77419
   0.09200  3117.52619
   0.09300  3091.31037
   0.09400  3066.12860
   0.09500  3041.63672
   0.09600  3017.28173
   0.09700  2992.50573
   0.09800  2966.94963
   0.09900  2940.59074
   0.10000  2913.75873
   0.10100  2887.01085
   0.10200  2860.90995
   0.10300  2835.80196
   0.10400  2811.68920
   0.10500  2788.24257
   0.10600  2764.93282
   0.10700  2741.22583
   0.10800  2716.77757
   0.10900  2691.56578
   0.11000  2665.90536
   0.11100  2640.32907
   0.11200  2615.37527
   0.11300  2591.37512
   0.11400  2568.33138
   0.11500  2545.92999
   0.11600  2523.66548
   0.11700  2501.02751
   0.11800  2477.68708
   0.11900  2453.62239
   0.12000  2429.13357
   0.12100  2404.72887
   0.12200  2380.92217
   0.12300  2358.02985
   0.12400  2336.05512
   0.12500  2314.69897
   0.12600  2293.47972
   0.12700  2271.91076
   0.12800  2249.67816
   0.12900  2226.76057
   0.13000  2203.44334
   0.13100  2180.21024
   0.13200  2157.55064
   0.13300  2135.76615
   0.13400  2114.86044
   0.13500  2094.54953
   0.13600  2074.37552
   0.13700  2053.87557
   0.13800  2032.75081
   0.13900  2010.98032
   0.14000  1988.83468
   0.14100  1966.77317
   0.14200  1945.26067
   0.14300  1924.58402
   0.14400  1904.74732
   0.14500  1885.48166
   0.14600  1866.35289
   0.14700  1846.92196
   0.14800  1826.90503
   0.14900  1806.28164
   0.15000  1785.30760
   0.15100  1764.41768
   0.15200  1744.05228
   0.15300  1724.48346
   0.15400  1705.71578
   0.15500  1687.49536
   0.15600  1669.41183
   0.15700  1651.04992
   0.15800  1632.14082
   0.15900  1612.66454
   0.16000  1592.86208
   0.16100  1573.14375
   0.16200  1553.92545
   0.16300  1535.46447
   0.16400  1517.76580
   0.16500  1500.59063
   0.16600  1483.55234
   0.16700  1466.25944
   0.16800  1448.45819
   0.16900  1430.12900
   0.17000  1411.49814
   0.17100  1392.95140
   0.17200  1374.88020
   0.17300  1357.52705
   0.17400  1340.89740
   0.17500  1324.76747
   0.17600  1308.77442
   0.17700  1292.55054
   0.17800  1275.85712
   0.17900  1258.67503
   0.18000  1241.21576
   0.18100  1223.84062
   0.18200  1206.91652
   0.18300  1190.67120
   0.18400  1175.11057
   0.18500  1160.02588
   0.18600  1145.07808
   0.18700  1129.92321
   0.18800  1114.33762
   0.18900  1098.30263
   0.19000  1082.01495
   0.19100  1065.81140
   0.19200  1050.03440
   0.19300  1034.89692
   0.19400  1020.40530
   0.19500  1006.36586
   0.19600   992.46330
   0.19700   978.37744
   0.19800   963.89969
   0.19900   949.01180
   0.20000   933.89572
   0.20100   918.86376
   0.20200   904.23386
   0.20300   890.20422
   0.20400   876.78161
   0.20500   863.78741
   0.20600   850.93009
   0.20700   837.91325
   0.20800   824.54333
   0.20900   810.80254
   0.21000   796.85805
   0.21100   782.99769
   0.21200   769.51488
   0.21300   756.59308
   0.21400   744.23948
   0.21500   732.29052
   0.21600   720.47845
   0.21700   708.53063
   0.21800   696.26854
   0.21900   683.67486
   0.22000   670.90196
   0.22100   658.21318
   0.22200   645.87748
   0.22300   634.06351
   0.22400   622.77893
   0.22500   611.87521
   0.22600   601.10839
   0.22700   590.22957
   0.22800   579.07533
   0.22900   567.62874
   0.23000   556.02743
   0.23100   544.51025
   0.23200   533.32165
   0.23300   522.61551
   0.23400   512.39995
   0.23500   502.54147
   0.23600   492.81989
   0.23700   483.01009
   0.23800   472.96368
   0.23900   462.66419
   0.24000   452.23447
   0.24100   441.88889
   0.24200   431.84738
   0.24300   422.24908
   0.24400   413.10253
   0.24500   404.28930
   0.24600   395.61296
   0.24700   386.87218
   0.24800   377.93360
   0.24900   368.78121
   0.25000   359.52309
   0.25100   350.34909
   0.25200   341.45469
   0.25300   332.96422
   0.25400   324.88669
   0.25500   317.11870
   0.25600   309.48760
   0.25700   301.81584
   0.25800   293.98509
   0.25900   285.97980
   0.26000   277.89327
   0.26100   269.89087
   0.26200   262.14357
   0.26300   254.76093
   0.26400   247.75241
   0.26500   241.02967
   0.26600   234.44382
   0.26700   227.84106
   0.26800   221.11815
   0.26900   214.25997
   0.27000   207.34503
   0.27100   200.51422
   0.27200   193.91401
   0.27300   187.63921
   0.27400   181.69971
   0.27500   176.02221
   0.27600   170.48160
   0.27700   164.94786
   0.27800   159.33279
   0.27900   153.62170
   0.28000   147.87835
   0.28100   142.21913
   0.28200   136.76603
   0.28300   131.59907
   0.28400   126.72858
   0.28500   122.09632
   0.28600   117.60095
   0.28700   113.13623
   0.28800   108.62899
   0.28900   104.06500
   0.29000    99.49325
   0.29100    95.00562
   0.29200    90.69962
   0.29300    86.64049
   0.29400    82.83901
   0.29500    79.25200
   0.29600    75.80188
   0.29700    72.40617
   0.29800    69.00676
   0.29900    65.58987
   0.30000    62.18971
   0.30100    58.87368
   0.30200    55.71477
   0.30300    52.76348
   0.30400    50.03102
   0.30500    47.48925
   0.30600    45.08436
   0.30700    42.75767
   0.30800    40.46608
   0.30900    38.19626
   0.31000    35.96761
   0.31100    33.82301
   0.31200    31.81086
   0.31300    29.96669
   0.31400    28.30186
   0.31500    26.80269
   0.31600    25.43816
   0.31700    24.17177
   0.31800    22.97303
   0.31900    21.82547
   0.32000    20.72887
   0.32100    19.69531
   0.32200    18.74103
   0.32300    17.87790
   0.32400    17.10799
   0.32500    16.42292
   0.32600    15.80700
   0.32700    15.24228
   0.32800    14.71350
   0.32900    14.21148
   0.33000    13.73403
   0.33100    13.28428
   0.33200    12.86726
   0.33300    12.48621
   0.33400    12.14036
   0.33500    11.82465
   0.33600    11.53117
   0.33700    11.25139
   0.33800    10.97849
   0.33900    10.70880
   0.34000    10.44213
   0.34100    10.18064
   0.34200     9.92692
   0.34300     9.68189
   0.34400     9.44367
   0.34500     9.20775
   0.34600     8.96821
   0.34700     8.71964
   0.34800     8.45914
   0.34900     8.18754
   0.35000     7.90957
   0.35100     7.63241
   0.35200     7.36331
   0.35300     7.10719
   0.35400     6.86525
   0.35500     6.63504
   0.35600     6.41176
   0.35700     6.19023
   0.35800     5.96679
   0.35900     5.74060
   0.36000     5.51387
   0.36100     5.29089
   0.36200     5.07620
   0.36300     4.87269
   0.36400     4.68061
   0.36500     4.49751
   0.36600     4.31931
   0.36700     4.14177
   0.36800     3.96197
   0.36900     3.77935
   0.37000     3.59587
   0.37100     3.41516
   0.37200     3.24102
   0.37300     3.07595
   0.37400     2.92023
   0.37500     2.77196
   0.37600     2.62787
   0.37700     2.48460
   0.37800     2.33982
   0.37900     2.19316
   0.38000     2.04625
   0.38100     1.90216
   0.38200     1.76410
   0.38300     1.63429
   0.38400     1.51314
   0.38500     1.39935
   0.38600     1.29044
   0.38700     1.18376
   0.38800     1.07733
   0.38900     0.97052
   0.39000     0.86414
   0.39100     0.75999
   0.39200     0.66003
   0.39300     0.56550
   0.39400     0.47643
   0.39500     0.39166
   0.39600     0.30929
   0.39700     0.22737
   0.39800     0.14459
   0.39900     0.06079
   0.40000    -0.02302
   0.40100    -0.10500
   0.40200    -0.18321
   0.40300    -0.25626
   0.40400    -0.32381
   0.40500    -0.38650
   0.40600    -0.44566
   0.40700    -0.50280
   0.40800    -0.55910
   0.40900    -0.61508
   0.41000    -0.67052
   0.41100    -0.72471
   0.41200    -0.77683
   0.41300    -0.82643
   0.41400    -0.87365
   0.41500    -0.91923
   0.41600    -0.96424
   0.41700    -1.00971
   0.41800    -1.05629
   0.41900    -1.10396
   0.42000    -1.15201
   0.42100    -1.19927
   0.42200    -1.24453
   0.42300    -1.28692
   0.42400    -1.32620
   0.42500    -1.36270
   0.42600    -1.39720
   0.42700    -1.43057
   0.42800    -1.46352
   0.42900    -1.49637
   0.43000    -1.52903
   0.43100    -1.56115
   0.43200    -1.59231
   0.43300    -1.62232
   0.43400    -1.65134
   0.43500    -1.67989
   0.43600    -1.70863
   0.43700    -1.73822
   0.43800    -1.76900
   0.43900    -1.80084
   0.44000    -1.83320
   0.44100    -1.86516
   0.44200    -1.89584
   0.44300    -1.92458
   0.44400    -1.95114
   0.44500    -1.97574
   0.44600    -1.99885
   0.44700    -2.02105
   0.44800    -2.04280
   0.44900    -2.06430
   0.45000    -2.08549
   0.45100    -2.10608
   0.45200    -2.12577
   0.45300    -2.14436
   0.45400    -2.16190
   0.45500    -2.17863
   0.45600    -2.19494
   0.45700    -2.21120
   0.45800    -2.22764
   0.45900    -2.24424
   0.46000    -2.26074
   0.46100    -2.27667
   0.46200    -2.29156
   0.46300    -2.30503
   0.46400    -2.31688
   0.46500    -2.32717
   0.46600    -2.33605
   0.46700    -2.34381
   0.46800    -2.35069
   0.46900    -2.35689
   0.47000    -2.36255
   0.47100    -2.36771
   0.47200    -2.37242
   0.47300    -2.37670
   0.47400    -2.38060
   0.47500    -2.38421
   0.47600    -2.38764
   0.47700    -2.39096
   0.47800    -2.39420
   0.47900    -2.39734
   0.48000    -2.40030
   0.48100    -2.40291
   0.48200    -2.40502
   0.48300    -2.40647
   0.48400    -2.40713
   0.48500    -2.40693
   0.48600    -2.40582
   0.48700    -2.40384
   0.48800    -2.40107
   0.48900    -2.39768
   0.49000    -2.39390
   0.49100    -2.38998
   0.49200    -2.38619
   0.49300    -2.38272
   0.49400    -2.37971
   0.49500    -2.37718
   0.49600    -2.37512
   0.49700    -2.37346
   0.49800    -2.37211
   0.49900    -2.37098
   0.50000    -2.36997
   0.50100    -2.36897
   0.50200    -2.36788
   0.50300    -2.36661
   0.50400    -2.36504
   0.50500    -2.36309
   0.50600    -2.36067
   0.50700    -2.35774
   0.50800    -2.35427
   0.50900    -2.35032
   0.51000    -2.34598
   0.51100    -2.34135
   0.51200    -2.33654
   0.51300    -2.33156
   0.51400    -2.32640
   0.51500    -2.32095
   0.51600    -2.31508
   0.51700    -2.30867
   0.51800    -2.30168
   0.51900    -2.29415
   0.52000    -2.28625
   0.52100    -2.27818
   0.52200    -2.27012
   0.52300    -2.26220
   0.52400    -2.25442
   0.52500    -2.24665
   0.52600    -2.23874
   0.52700    -2.23049
   0.52800    -2.22180
   0.52900    -2.21266
   0.53000    -2.20319
   0.53100    -2.19357
   0.53200    -2.18395
   0.53300    -2.17443
   0.53400    -2.16495
   0.53500    -2.15535
   0.53600    -2.14540
   0.53700    -2.13488
   0.53800    -2.12371
   0.53900    -2.11191
   0.54000    -2.09970
   0.54100    -2.08740
   0.54200    -2.07529
   0.54300    -2.06357
   0.54400    -2.05227
   0.54500    -2.04122
   0.54600    -2.03019
   0.54700    -2.01893
   0.54800    -2.00725
   0.54900    -1.99512
   0.55000    -1.98266
   0.55100    -1.97009
   0.55200    -1.95761
   0.55300    -1.94531
   0.55400    -1.93314
   0.55500    -1.92086
   0.55600    -1.90820
   0.55700    -1.89488
   0.55800    -1.88076
   0.55900    -1.86590
   0.56000    -1.85056
   0.56100    -1.83512
   0.56200    -1.81998
   0.56300    -1.80536
   0.56400    -1.79132
   0.56500    -1.77768
   0.56600    -1.76416
   0.56700    -1.75046
   0.56800    -1.73640
   0.56900    -1.72200
   0.57000    -1.70749
   0.57100    -1.69321
   0.57200    -1.67954
   0.57300    -1.66675
   0.57400    -1.65492
   0.57500    -1.64395
   0.57600    -1.63361
   0.57700    -1.62364
   0.57800    -1.61384
   0.57900    -1.60413
   0.58000    -1.59455
   0.58100    -1.58524
   0.58200    -1.57633
   0.58300    -1.56794
   0.58400    -1.56004
   0.58500    -1.55252
   0.58600    -1.54521
   0.58700    -1.53790
   0.58800    -1.53048
   0.58900    -1.52291
   0.59000    -1.51523
   0.59100    -1.50757
   0.59200    -1.50005
   0.59300    -1.49274
   0.59400    -1.48560
   0.59500    -1.47851
   0.59600    -1.47132
   0.59700    -1.46387
   0.59800    -1.45608
   0.59900    -1.44799
   0.60000    -1.43976
   0.60100    -1.43162
   0.60200    -1.42381
   0.60300    -1.41651
   0.60400    -1.40978
   0.60500    -1.40358
   0.60600    -1.39780
   0.60700    -1.39230
   0.60800    -1.38697
   0.60900    -1.38177
   0.61000    -1.37675
   0.61100    -1.37199
   0.61200    -1.36762
   0.61300    -1.36371
   0.61400    -1.36031
   0.61500    -1.35741
   0.61600    -1.35495
   0.61700    -1.35287
   0.61800    -1.35112
   0.61900    -1.34967
   0.62000    -1.34851
   0.62100    -1.34768
   0.62200    -1.34724
   0.62300    -1.34725
   0.62400    -1.34777
   0.62500    -1.34886
   0.62600    -1.35055
   0.62700    -1.35285
   0.62800    -1.35571
   0.62900    -1.35902
   0.63000    -1.36261
   0.63100    -1.36630
   0.63200    -1.36989
   0.63300    -1.37325
   0.63400    -1.37629
   0.63500    -1.37900
   0.63600    -1.38141
   0.63700    -1.38359
   0.63800    -1.38560
   0.63900    -1.38747
   0.64000    -1.38923
   0.64100    -1.39088
   0.64200    -1.39244
   0.64300    -1.39389
   0.64400    -1.39525
   0.64500    -1.39655
   0.64600    -1.39781
   0.64700    -1.39906
   0.64800    -1.40029
   0.64900    -1.40146
   0.65000    -1.40252
   0.65100    -1.40336
   0.65200    -1.40388
   0.65300    -1.40397
   0.65400    -1.40354
   0.65500    -1.40251
   0.65600    -1.40082
   0.65700    -1.39847
   0.65800    -1.39546
   0.65900    -1.39191
   0.66000    -1.38792
   0.66100    -1.38365
   0.66200    -1.37924
   0.66300    -1.37475
   0.66400    -1.37021
   0.66500    -1.36553
   0.66600    -1.36062
   0.66700    -1.35539
   0.66800    -1.34979
   0.66900    -1.34384
   0.67000    -1.33766
   0.67100    -1.33138
   0.67200    -1.32516
   0.67300    -1.31909
   0.67400    -1.31316
   0.67500    -1.30729
   0.67600    -1.30136
   0.67700    -1.29523
   0.67800    -1.28885
   0.67900    -1.28222
   0.68000    -1.27546
   0.68100    -1.26873
   0.68200    -1.26221
   0.68300    -1.25602
   0.68400    -1.25017
   0.68500    -1.24462
   0.68600    -1.23923
   0.68700    -1.23388
   0.68800    -1.22846
   0.68900    -1.22293
   0.69000    -1.21732
   0.69100    -1.21171
   0.69200    -1.20615
   0.69300    -1.20068
   0.69400    -1.19525
   0.69500    -1.18976
   0.69600    -1.18407
   0.69700    -1.17806
   0.69800    -1.17166
   0.69900    -1.16489
   0.70000    -1.15787
   0.70100    -1.15077
   0.70200    -1.14377
   0.70300    -1.13695
   0.70400    -1.13032
   0.70500    -1.12381
   0.70600    -1.11725
   0.70700    -1.11051
   0.70800    -1.10350
   0.70900    -1.09623
   0.71000    -1.08880
   0.71100    -1.08138
   0.71200    -1.07414
   0.71300    -1.06719
   0.71400    -1.06054
   0.71500    -1.05410
   0.71600    -1.04774
   0.71700    -1.04131
   0.71800    -1.03473
   0.71900    -1.02801
   0.72000    -1.02124
   0.72100    -1.01458
   0.72200    -1.00822
   0.72300    -1.00227
   0.72400    -0.99676
   0.72500    -0.99165
   0.72600    -0.98683
   0.72700    -0.98218
   0.72800    -0.97759
   0.72900    -0.97301
   0.73000    -0.96844
   0.73100    -0.96394
   0.73200    -0.95953
   0.73300    -0.95523
   0.73400    -0.95101
   0.73500    -0.94678
   0.73600    -0.94242
   0.73700    -0.93783
   0.73800    -0.93292
   0.73900    -0.92770
   0.74000    -0.92221
   0.74100    -0.91651
   0.74200    -0.91069
   0.74300    -0.90475
   0.74400    -0.89862
   0.74500    -0.89217
   0.74600    -0.88525
   0.74700    -0.87770
   0.74800    -0.86949
   0.74900    -0.86069
   0.75000    -0.85148
   0.75100    -0.84214
   0.75200    -0.83293
   0.75300    -0.82402
   0.75400    -0.81544
   0.75500    -0.80710
   0.75600    -0.79882
   0.75700    -0.79044
   0.75800    -0.78182
   0.75900    -0.77298
   0.76000    -0.76404
   0.76100    -0.75519
   0.76200    -0.74665
   0.76300    -0.73855
   0.76400    -0.73092
   0.76500    -0.72369
   0.76600    -0.71668
   0.76700    -0.70974
   0.76800    -0.70276
   0.76900    -0.69570
   0.77000    -0.68864
   0.77100    -0.68172
   0.77200    -0.67508
   0.77300    -0.66882
   0.77400    -0.66295
   0.77500    -0.65739
   0.77600    -0.65202
   0.77700    -0.64667
   0.77800    -0.64124
   0.77900    -0.63563
   0.78000    -0.62986
   0.78100    -0.62391
   0.78200    -0.61782
   0.78300    -0.61152
   0.78400    -0.60491
   0.78500    -0.59783
   0.78600    -0.59007
   0.78700    -0.58151
   0.78800    -0.57213
   0.78900    -0.56205
   0.79000    -0.55156
   0.79100    -0.54105
   0.79200    -0.53090
   0.79300    -0.52139
   0.79400    -0.51266
   0.79500    -0.50466
   0.79600    -0.49728
   0.79700    -0.49032
   0.79800    -0.48363
   0.79900    -0.47714
   0.80000    -0.47083
   0.80100    -0.46479
   0.80200    -0.45908
   0.80300    -0.45376
   0.80400    -0.44881
   0.80500    -0.44417
   0.80600    -0.43971
   0.80700    -0.43532
   0.80800    -0.43092
   0.80900    -0.42649
   0.81000    -0.42204
   0.81100    -0.41766
   0.81200    -0.41343
   0.81300    -0.40938
   0.81400    -0.40552
   0.81500    -0.40179
   0.81600    -0.39809
   0.81700    -0.39435
   0.81800    -0.39049
   0.81900    -0.38651
   0.82000    -0.38244
   0.82100    -0.37837
   0.82200    -0.37437
   0.82300    -0.37046
   0.82400    -0.36666
   0.82500    -0.36290
   0.82600    -0.35910
   0.82700    -0.35521
   0.82800    -0.35121
   0.82900    -0.34717
   0.83000    -0.34320
   0.83100    -0.33953
   0.83200    -0.33634
   0.83300    -0.33385
   0.83400    -0.33218
   0.83500    -0.33143
   0.83600    -0.33162
   0.83700    -0.33273
   0.83800    -0.33469
   0.83900    -0.33740
   0.84000    -0.34071
   0.84100    -0.34447
   0.84200    -0.34857
   0.84300    -0.35296
   0.84400    -0.35765
   0.84500    -0.36272
   0.84600    -0.36829
   0.84700    -0.37445
   0.84800    -0.38123
   0.84900    -0.38855
   0.85000    -0.39626
   0.85100    -0.40412
   0.85200    -0.41191
   0.85300    -0.41949
   0.85400    -0.42685
   0.85500    -0.43405
   0.85600    -0.44127
   0.85700    -0.44865
   0.85800    -0.45630
   0.85900    -0.46421
   0.86000    -0.47228
   0.86100    -0.48034
   0.86200    -0.48821
   0.86300    -0.49579
   0.86400    -0.50308
   0.86500    -0.51017
   0.86600    -0.51722
   0.86700    -0.52439
   0.86800    -0.53178
   0.86900    -0.53939
   0.87000    -0.54711
   0.87100    -0.55476
   0.87200    -0.56218
   0.87300    -0.56923
   0.87400    -0.57590
   0.87500    -0.58227
   0.87600    -0.58847
   0.87700    -0.59465
   0.87800    -0.60090
   0.87900    -0.60723
   0.88000    -0.61358
   0.88100    -0.61980
   0.88200    -0.62576
   0.88300    -0.63136
   0.88400    -0.63658
   0.88500    -0.64147
   0.88600    -0.64614
   0.88700    -0.65071
   0.88800    -0.65527
   0.88900    -0.65985
   0.89000    -0.66442
   0.89100    -0.66891
   0.89200    -0.67326
   0.89300    -0.67742
   0.89400    -0.68140
   0.89500    -0.68526
   0.89600    -0.68909
   0.89700    -0.69298
   0.89800    -0.69698
   0.89900    -0.70109
   0.90000    -0.70523
   0.90100    -0.70932
   0.90200    -0.71325
   0.90300    -0.71693
   0.90400    -0.72034
   0.90500    -0.72352
   0.90600    -0.72653
   0.90700    -0.72944
   0.90800    -0.73231
   0.90900    -0.73517
   0.91000    -0.73799
   0.91100    -0.74074
   0.91200    -0.74336
   0.91300    -0.74583
   0.91400    -0.74814
   0.91500    -0.75032
   0.91600    -0.75241
   0.91700    -0.75447
   0.91800    -0.75650
   0.91900    -0.75850
   0.92000    -0.76041
   0.92100    -0.76215
   0.92200    -0.76363
   0.92300    -0.76477
   0.92400    -0.76550
   0.92500    -0.76579
   0.92600    -0.76562
   0.92700    -0.76501
   0.92800    -0.76401
   0.92900    -0.76267
   0.93000    -0.76108
   0.93100    -0.75935
   0.93200    -0.75754
   0.93300    -0.75572
   0.93400    -0.75391
   0.93500    -0.75209
   0.93600    -0.75022
   0.93700    -0.74827
   0.93800    -0.74619
   0.93900    -0.74395
   0.94000    -0.74157
   0.94100    -0.73904
   0.94200    -0.73636
   0.94300    -0.73349
   0.94400    -0.73038
   0.94500    -0.72694
   0.94600    -0.72308
   0.94700    -0.71874
   0.94800    -0.71394
   0.94900    -0.70876
   0.95000    -0.70338
   0.95100    -0.69804
   0.95200    -0.69298
   0.95300    -0.68839
   0.95400    -0.68436
   0.95500    -0.68091
   0.95600    -0.67801
   0.95700    -0.67555
   0.95800    -0.67346
   0.95900    -0.67163
   0.96000    -0.66999
   0.96100    -0.66849
   0.96200    -0.66708
   0.96300    -0.66571
   0.96400    -0.66433
   0.96500    -0.66289
   0.96600    -0.66133
   0.96700    -0.65963
   0.96800    -0.65777
   0.96900    -0.65578
   0.97000    -0.65372
   0.97100    -0.65167
   0.97200    -0.64972
   0.97300    -0.64791
   0.97400    -0.64629
   0.97500    -0.64485
   0.97600    -0.64355
   0.97700    -0.64237
   0.97800    -0.64126
   0.97900    -0.64017
   0.98000    -0.63906
   0.98100    -0.63791
   0.98200    -0.63667
   0.98300    -0.63530
   0.98400    -0.63374
   0.98500    -0.63194
   0.98600    -0.62984
   0.98700    -0.62742
   0.98800    -0.62469
   0.98900    -0.62173
   0.99000    -0.61865
   0.99100    -0.61561
   0.99200    -0.61277
   0.99300    -0.61026
   0.99400    -0.60816
   0.99500    -0.60650
   0.99600    -0.60527
   0.99700    -0.60441
   0.99800    -0.60388
   0.99900    -0.60359
   1.00000    -0.60348
   1.00100    -0.60346
   1.00200    -0.60348
   1.00300    -0.60346
   1.00400    -0.60338
   1.00500    -0.60320
   1.00600    -0.60290
   1.00700    -0.60248
   1.00800    -0.60195
   1.00900    -0.60135
   1.01000    -0.60072
   1.01100    -0.60012
   1.01200    -0.59961
   1.01300    -0.59925
   1.01400    -0.59907
   1.01500    -0.59909
   1.01600    -0.59934
   1.01700    -0.59980
   1.01800    -0.60045
   1.01900    -0.60124
   1.02000    -0.60210
   1.02100    -0.60297
   1.02200    -0.60377
   1.02300    -0.60443
   1.02400    -0.60491
   1.02500    -0.60519
   1.02600    -0.60526
   1.02700    -0.60512
   1.02800    -0.60481
   1.02900    -0.60436
   1.03000    -0.60382
   1.03100    -0.60325
   1.03200    -0.60270
   1.03300    -0.60220
   1.03400    -0.60180
   1.03500    -0.60149
   1.03600    -0.60130
   1.03700    -0.60119
   1.03800    -0.60116
   1.03900    -0.60117
   1.04000    -0.60119
   1.04100    -0.60118
   1.04200    -0.60111
   1.04300    -0.60093
   1.04400    -0.60060
   1.04500    -0.60010
   1.04600    -0.59942
   1.04700    -0.59855
   1.04800    -0.59750
   1.04900    -0.59634
   1.05000    -0.59512
   1.05100    -0.59394
   1.05200    -0.59290
   1.05300    -0.59206
   1.05400    -0.59150
   1.05500    -0.59124
   1.05600    -0.59130
   1.05700    -0.59166
   1.05800    -0.59230
   1.05900    -0.59316
   1.06000    -0.59419
   1.06100    -0.59532
   1.06200    -0.59648
   1.06300    -0.59762
   1.06400    -0.59872
   1.06500    -0.59977
   1.06600    -0.60081
   1.06700    -0.60183
   1.06800    -0.60285
   1.06900    -0.60388
   1.07000    -0.60488
   1.07100    -0.60584
   1.07200    -0.60671
   1.07300    -0.60747
   1.07400    -0.60811
   1.07500    -0.60863
   1.07600    -0.60902
   1.07700    -0.60931
   1.07800    -0.60951
   1.07900    -0.60964
   1.08000    -0.60970
   1.08100    -0.60971
   1.08200    -0.60967
   1.08300    -0.60960
   1.08400    -0.60949
   1.08500    -0.60934
   1.08600    -0.60914
   1.08700    -0.60891
   1.08800    -0.60865
   1.08900    -0.60837
   1.09000    -0.60810
   1.09100    -0.60785
   1.09200    -0.60767
   1.09300    -0.60757
   1.09400    -0.60758
   1.09500    -0.60771
   1.09600    -0.60798
   1.09700    -0.60839
   1.09800    -0.60894
   1.09900    -0.60962
   1.10000    -0.61039
   1.10100    -0.61125
   1.10200    -0.61217
   1.10300    -0.61316
   1.10400    -0.61421
   1.10500    -0.61535
   1.10600    -0.61660
   1.10700    -0.61797
   1.10800    -0.61947
   1.10900    -0.62105
   1.11000    -0.62265
   1.11100    -0.62419
   1.11200    -0.62557
   1.11300    -0.62673
   1.11400    -0.62760
   1.11500    -0.62817
   1.11600    -0.62841
   1.11700    -0.62835
   1.11800    -0.62799
   1.11900    -0.62738
   1.12000    -0.62654
   1.12100    -0.62549
   1.12200    -0.62426
   1.12300    -0.62283
   1.12400    -0.62118
   1.12500    -0.61926
   1.12600    -0.61703
   1.12700    -0.61446
   1.12800    -0.61157
   1.12900    -0.60840
   1.13000    -0.60509
   1.13100    -0.60177
   1.13200    -0.59859
   1.13300    -0.59565
   1.13400    -0.59302
   1.13500    -0.59071
   1.13600    -0.58868
   1.13700    -0.58688
   1.13800    -0.58527
   1.13900    -0.58381
   1.14000    -0.58250
   1.14100    -0.58133
   1.14200    -0.58033
   1.14300    -0.57952
   1.14400    -0.57888
   1.14500    -0.57844
   1.14600    -0.57816
   1.14700    -0.57802
   1.14800    -0.57798
   1.14900    -0.57800
   1.15000    -0.57801
   1.15100    -0.57795
   1.15200    -0.57774
   1.15300    -0.57730
   1.15400    -0.57658
   1.15500    -0.57550
   1.15600    -0.57402
   1.15700    -0.57212
   1.15800    -0.56982
   1.15900    -0.56718
   1.16000    -0.56429
   1.16100    -0.56125
   1.16200    -0.55819
   1.16300    -0.55517
   1.16400    -0.55221
   1.16500    -0.54928
   1.16600    -0.54632
   1.16700    -0.54327
   1.16800    -0.54011
   1.16900    -0.53683
   1.17000    -0.53349
   1.17100    -0.53017
   1.17200    -0.52694
   1.17300    -0.52387
   1.17400    -0.52096
   1.17500    -0.51818
   1.17600    -0.51547
   1.17700    -0.51277
   1.17800    -0.51004
   1.17900    -0.50728
   1.18000    -0.50452
   1.18100    -0.50182
   1.18200    -0.49924
   1.18300    -0.49684
   1.18400    -0.49462
   1.18500    -0.49257
   1.18600    -0.49062
   1.18700    -0.48874
   1.18800    -0.48686
   1.18900    -0.48495
   1.19000    -0.48300
   1.19100    -0.48099
   1.19200    -0.47892
   1.19300    -0.47677
   1.19400    -0.47447
   1.19500    -0.47198
   1.19600    -0.46922
   1.19700    -0.46616
   1.19800    -0.46279
   1.19900    -0.45919
   1.20000    -0.45548
   1.20100    -0.45183
   1.20200    -0.44841
   1.20300    -0.44537
   1.20400    -0.44278
   1.20500    -0.44067
   1.20600    -0.43902
   1.20700    -0.43779
   1.20800    -0.43690
   1.20900    -0.43631
   1.21000    -0.43595
   1.21100    -0.43579
   1.21200    -0.43579
   1.21300    -0.43594
   1.21400    -0.43623
   1.21500    -0.43666
   1.21600    -0.43723
   1.21700    -0.43794
   1.21800    -0.43878
   1.21900    -0.43971
   1.22000    -0.44070
   1.22100    -0.44168
   1.22200    -0.44261
   1.22300    -0.44343
   1.22400    -0.44412
   1.22500    -0.44467
   1.22600    -0.44508
   1.22700    -0.44537
   1.22800    -0.44553
   1.22900    -0.44560
   1.23000    -0.44557
   1.23100    -0.44547
   1.23200    -0.44528
   1.23300    -0.44501
   1.23400    -0.44465
   1.23500    -0.44418
   1.23600    -0.44359
   1.23700    -0.44286
   1.23800    -0.44199
   1.23900    -0.44098
   1.24000    -0.43984
   1.24100    -0.43858
   1.24200    -0.43721
   1.24300    -0.43571
   1.24400    -0.43405
   1.24500    -0.43218
   1.24600    -0.43006
   1.24700    -0.42766
   1.24800    -0.42498
   1.24900    -0.42207
   1.25000    -0.41903
   1.25100    -0.41597
   1.25200    -0.41303
   1.25300    -0.41029
   1.25400    -0.40781
   1.25500    -0.40558
   1.25600    -0.40357
   1.25700    -0.40172
   1.25800    -0.39999
   1.25900    -0.39834
   1.26000    -0.39676
   1.26100    -0.39526
   1.26200    -0.39384
   1.26300    -0.39249
   1.26400    -0.39121
   1.26500    -0.38998
   1.26600    -0.38874
   1.26700    -0.38749
   1.26800    -0.38620
   1.26900    -0.38487
   1.27000    -0.38352
   1.27100    -0.38218
   1.27200    -0.38089
   1.27300    -0.37967
   1.27400    -0.37853
   1.27500    -0.37746
   1.27600    -0.37643
   1.27700    -0.37542
   1.27800    -0.37440
   1.27900    -0.37337
   1.28000    -0.37233
   1.28100    -0.37129
   1.28200    -0.37026
   1.28300    -0.36925
   1.28400    -0.36824
   1.28500    -0.36723
   1.28600    -0.36618
   1.28700    -0.36507
   1.28800    -0.36391
   1.28900    -0.36270
   1.29000    -0.36148
   1.29100    -0.36030
   1.29200    -0.35920
   1.29300    -0.35823
   1.29400    -0.35742
   1.29500    -0.35676
   1.29600    -0.35625
   1.29700    -0.35586
   1.29800    -0.35558
   1.29900    -0.35535
   1.30000    -0.35516
   1.30100    -0.35496
   1.30200    -0.35471
   1.30300    -0.35438
   1.30400    -0.35394
   1.30500    -0.35334
   1.30600    -0.35257
   1.30700    -0.35162
   1.30800    -0.35049
   1.30900    -0.34920
   1.31000    -0.34781
   1.31100    -0.34636
   1.31200    -0.34491
   1.31300    -0.34349
   1.31400    -0.34212
   1.31500    -0.34078
   1.31600    -0.33944
   1.31700    -0.33808
   1.31800    -0.33666
   1.31900    -0.33517
   1.32000    -0.33363
   1.32100    -0.33204
   1.32200    -0.33042
   1.32300    -0.32875
   1.32400    -0.32702
   1.32500    -0.32518
   1.32600    -0.32319
   1.32700    -0.32101
   1.32800    -0.31863
   1.32900    -0.31609
   1.33000    -0.31346
   1.33100    -0.31082
   1.33200    -0.30826
   1.33300    -0.30587
   1.33400    -0.30367
   1.33500    -0.30165
   1.33600    -0.29977
   1.33700    -0.29799
   1.33800    -0.29628
   1.33900    -0.29461
   1.34000    -0.29299
   1.34100    -0.29144
   1.34200    -0.28998
   1.34300    -0.28864
   1.34400    -0.28741
   1.34500    -0.28628
   1.34600    -0.28521
   1.34700    -0.28417
   1.34800    -0.28313
   1.34900    -0.28204
   1.35000    -0.28091
   1.35100    -0.27969
   1.35200    -0.27837
   1.35300    -0.27691
   1.35400    -0.27527
   1.35500    -0.27338
   1.35600    -0.27120
   1.35700    -0.26869
   1.35800    -0.26588
   1.35900    -0.26281
   1.36000    -0.25962
   1.36100    -0.25645
   1.36200    -0.25345
   1.36300    -0.25076
   1.36400    -0.24843
   1.36500    -0.24649
   1.36600    -0.24493
   1.36700    -0.24369
   1.36800    -0.24273
   1.36900    -0.24199
   1.37000    -0.24143
   1.37100    -0.24103
   1.37200    -0.24077
   1.37300    -0.24063
   1.37400    -0.24060
   1.37500    -0.24068
   1.37600    -0.24086
   1.37700    -0.24113
   1.37800    -0.24146
   1.37900    -0.24182
   1.38000    -0.24216
   1.38100    -0.24242
   1.38200    -0.24253
   1.38300    -0.24243
   1.38400    -0.24206
   1.38500    -0.24138
   1.38600    -0.24035
   1.38700    -0.23895
   1.38800    -0.23720
   1.38900    -0.23513
   1.39000    -0.23283
   1.39100    -0.23035
   1.39200    -0.22777
   1.39300    -0.22513
   1.39400    -0.22242
   1.39500    -0.21961
   1.39600    -0.21662
   1.39700    -0.21343
   1.39800    -0.21000
   1.39900    -0.20640
   1.40000    -0.20272
   1.40100    -0.19910
   1.40200    -0.19569
   1.40300    -0.19260
   1.40400    -0.18989
   1.40500    -0.18757
   1.40600    -0.18560
   1.40700    -0.18393
   1.40800    -0.18250
   1.40900    -0.18126
   1.41000    -0.18018
   1.41100    -0.17923
   1.41200    -0.17841
   1.41300    -0.17770
   1.41400    -0.17708
   1.41500    -0.17654
   1.41600    -0.17606
   1.41700    -0.17560
   1.41800    -0.17515
   1.41900    -0.17466
   1.42000    -0.17411
   1.42100    -0.17347
   1.42200    -0.17268
   1.42300    -0.17170
   1.42400    -0.17048
   1.42500    -0.16896
   1.42600    -0.16710
   1.42700    -0.16487
   1.42800    -0.16230
   1.42900    -0.15946
   1.43000    -0.15648
   1.43100    -0.15352
   1.43200    -0.15073
   1.43300    -0.14823
   1.43400    -0.14611
   1.43500    -0.14439
   1.43600    -0.14305
   1.43700    -0.14204
   1.43800    -0.14129
   1.43900    -0.14073
   1.44000    -0.14028
   1.44100    -0.13984
   1.44200    -0.13934
   1.44300    -0.13870
   1.44400    -0.13785
   1.44500    -0.13674
   1.44600    -0.13531
   1.44700    -0.13357
   1.44800    -0.13153
   1.44900    -0.12929
   1.45000    -0.12696
   1.45100    -0.12471
   1.45200    -0.12270
   1.45300    -0.12108
   1.45400    -0.11994
   1.45500    -0.11935
   1.45600    -0.11930
   1.45700    -0.11977
   1.45800    -0.12070
   1.45900    -0.12195
   1.46000    -0.12341
   1.46100    -0.12488
   1.46200    -0.12622
   1.46300    -0.12729
   1.46400    -0.12797
   1.46500    -0.12821
   1.46600    -0.12799
   1.46700    -0.12732
   1.46800    -0.12626
   1.46900    -0.12491
   1.47000    -0.12339
   1.47100    -0.12187
   1.47200    -0.12048
   1.47300    -0.11935
   1.47400    -0.11858
   1.47500    -0.11823
   1.47600    -0.11829
   1.47700    -0.11875
   1.47800    -0.11955
   1.47900    -0.12057
   1.48000    -0.12168
   1.48100    -0.12270
   1.48200    -0.12344
   1.48300    -0.12371
   1.48400    -0.12334
   1.48500    -0.12215
   1.48600    -0.12000
   1.48700    -0.11679
   1.48800    -0.11247
   1.48900    -0.10713
   1.49000    -0.10096
   1.49100    -0.09423
   1.49200    -0.08726
   1.49300    -0.08033
   1.49400    -0.07363
   1.49500    -0.06727
   1.49600    -0.06129
   1.49700    -0.05568
   1.49800    -0.05043
   1.49900    -0.04552
   1.50000    -0.04092
# </ PairPotential>
