0.634972385131
0.761842841748
0.128084169976
0.714495734312
0.641839323565
0.278456690305
0.417049294803
0.761500201188
0.496172680923
0.540563903283
0.773438569624
0.331033903830
0.604946996551
0.639111648779
0.474947820038
0.525731112119
0.850650808352
0.000000000000
0.000000000000
0.525731112119
-0.850650808352
-0.525731112119
0.850650808352
0.000000000000
0.000000000000
0.525731112119
0.850650808352
0.850650808352
-0.000000000000
0.525731112119
-0.850650808352
-0.000000000000
0.525731112119
-0.000000000000
-0.525731112119
0.850650808352
-0.850650808352
-0.000000000000
-0.525731112119
-0.525731112119
-0.850650808352
0.000000000000
0.850650808352
-0.000000000000
-0.525731112119
0.525731112119
-0.850650808352
0.000000000000
0.000000000000
-0.525731112119
-0.850650808352
0.021558462798
0.356084463065
-0.934205056637
0.066367586138
0.159239250959
-0.985006702751
0.428203986997
0.239104943933
-0.871475858132
0.236535764390
0.293164562356
-0.926339771112
0.279263720352
0.092639372516
-0.955735173128
-0.634972385131
0.761842841748
-0.128084169976
-0.714495734312
0.641839323565
-0.278456690305
-0.417049294803
0.761500201188
-0.496172680923
-0.540563903283
0.773438569624
-0.331033903830
-0.604946996551
0.639111648779
-0.474947820038
-0.021558462798
0.356084463065
0.934205056637
-0.066367586138
0.159239250959
0.985006702751
-0.428203986997
0.239104943933
0.871475858132
-0.236535764390
0.293164562356
0.926339771112
-0.279263720352
0.092639372516
0.955735173128
0.656530847929
0.748518978993
-0.093201844423
0.780863320450
0.600821899581
-0.171071680182
0.845253281800
0.496855583106
0.196675924156
0.777099667673
0.627251427676
0.051689002508
0.884210716903
0.466517177777
-0.023089628683
-0.449286307488
0.876603148969
-0.172362214888
-0.330310931141
0.879278589886
-0.343167379185
-0.042429019777
0.993028264029
-0.109975656944
-0.241475559848
0.958285331506
-0.152901201488
-0.115729001200
0.941464997815
-0.316623524349
-0.185686077643
0.484168633041
0.855044686171
-0.384184803170
0.437695941264
0.812911003748
-0.374620275026
0.735277624856
0.564824277032
-0.299088343436
0.624198466186
0.721749567116
-0.489217995351
0.567587192554
0.662201277463
0.855044686171
-0.185686077643
0.484168633041
0.812911003748
-0.384184803170
0.437695941264
0.564824277032
-0.374620275026
0.735277624856
0.721749567116
-0.299088343436
0.624198466186
0.662201277463
-0.489217995351
0.567587192554
-0.876603148969
-0.172362214888
0.449286307488
-0.879278589886
-0.343167379185
0.330310931141
-0.993028264029
-0.109975656944
0.042429019777
-0.958285331506
-0.152901201488
0.241475559848
-0.941464997815
-0.316623524349
0.115729001200
0.484168633041
0.855044686171
-0.185686077643
0.437695941264
0.812911003748
-0.384184803170
0.735277624856
0.564824277032
-0.374620275026
0.624198466186
0.721749567116
-0.299088343436
0.567587192554
0.662201277463
-0.489217995351
-0.093201844423
0.656530847929
0.748518978993
-0.171071680182
0.780863320450
0.600821899581
0.196675924156
0.845253281800
0.496855583106
0.051689002508
0.777099667673
0.627251427676
-0.023089628683
0.884210716903
0.466517177777
-0.128084169976
-0.634972385131
0.761842841748
-0.278456690305
-0.714495734312
0.641839323565
-0.496172680923
-0.417049294803
0.761500201188
-0.331033903830
-0.540563903283
0.773438569624
-0.474947820038
-0.604946996551
0.639111648779
0.934205056637
-0.021558462798
0.356084463065
0.985006702751
-0.066367586138
0.159239250959
0.871475858132
-0.428203986997
0.239104943933
0.926339771112
-0.236535764390
0.293164562356
0.955735173128
-0.279263720352
0.092639372516
0.128084169976
0.634972385131
0.761842841748
0.278456690305
0.714495734312
0.641839323565
0.496172680923
0.417049294803
0.761500201188
0.331033903830
0.540563903283
0.773438569624
0.474947820038
0.604946996551
0.639111648779
-0.172362214888
-0.449286307488
0.876603148969
-0.343167379185
-0.330310931141
0.879278589886
-0.109975656944
-0.042429019777
0.993028264029
-0.152901201488
-0.241475559848
0.958285331506
-0.316623524349
-0.115729001200
0.941464997815
0.172362214888
0.449286307488
0.876603148969
0.343167379185
0.330310931141
0.879278589886
0.109975656944
0.042429019777
0.993028264029
0.152901201488
0.241475559848
0.958285331506
0.316623524349
0.115729001200
0.941464997815
-0.356084463065
0.934205056637
0.021558462798
-0.159239250959
0.985006702751
0.066367586138
-0.239104943933
0.871475858132
0.428203986997
-0.293164562356
0.926339771112
0.236535764390
-0.092639372516
0.955735173128
0.279263720352
-0.748518978993
-0.093201844423
-0.656530847929
-0.600821899581
-0.171071680182
-0.780863320450
-0.496855583106
0.196675924156
-0.845253281800
-0.627251427676
0.051689002508
-0.777099667673
-0.466517177777
-0.023089628683
-0.884210716903
-0.761842841748
-0.128084169976
0.634972385131
-0.641839323565
-0.278456690305
0.714495734312
-0.761500201188
-0.496172680923
0.417049294803
-0.773438569624
-0.331033903830
0.540563903283
-0.639111648779
-0.474947820038
0.604946996551
-0.484168633041
0.855044686171
0.185686077643
-0.437695941264
0.812911003748
0.384184803170
-0.735277624856
0.564824277032
0.374620275026
-0.624198466186
0.721749567116
0.299088343436
-0.567587192554
0.662201277463
0.489217995351
-0.761842841748
0.128084169976
-0.634972385131
-0.641839323565
0.278456690305
-0.714495734312
-0.761500201188
0.496172680923
-0.417049294803
-0.773438569624
0.331033903830
-0.540563903283
-0.639111648779
0.474947820038
-0.604946996551
-0.356084463065
-0.934205056637
-0.021558462798
-0.159239250959
-0.985006702751
-0.066367586138
-0.239104943933
-0.871475858132
-0.428203986997
-0.293164562356
-0.926339771112
-0.236535764390
-0.092639372516
-0.955735173128
-0.279263720352
0.748518978993
-0.093201844423
0.656530847929
0.600821899581
-0.171071680182
0.780863320450
0.496855583106
0.196675924156
0.845253281800
0.627251427676
0.051689002508
0.777099667673
0.466517177777
-0.023089628683
0.884210716903
0.761842841748
-0.128084169976
-0.634972385131
0.641839323565
-0.278456690305
-0.714495734312
0.761500201188
-0.496172680923
-0.417049294803
0.773438569624
-0.331033903830
-0.540563903283
0.639111648779
-0.474947820038
-0.604946996551
0.356084463065
0.934205056637
-0.021558462798
0.159239250959
0.985006702751
-0.066367586138
0.239104943933
0.871475858132
-0.428203986997
0.293164562356
0.926339771112
-0.236535764390
0.092639372516
0.955735173128
-0.279263720352
0.761842841748
0.128084169976
0.634972385131
0.641839323565
0.278456690305
0.714495734312
0.761500201188
0.496172680923
0.417049294803
0.773438569624
0.331033903830
0.540563903283
0.639111648779
0.474947820038
0.604946996551
0.876603148969
-0.172362214888
-0.449286307488
0.879278589886
-0.343167379185
-0.330310931141
0.993028264029
-0.109975656944
-0.042429019777
0.958285331506
-0.152901201488
-0.241475559848
0.941464997815
-0.316623524349
-0.115729001200
-0.172362214888
0.449286307488
-0.876603148969
-0.343167379185
0.330310931141
-0.879278589886
-0.109975656944
0.042429019777
-0.993028264029
-0.152901201488
0.241475559848
-0.958285331506
-0.316623524349
0.115729001200
-0.941464997815
0.356084463065
-0.934205056637
0.021558462798
0.159239250959
-0.985006702751
0.066367586138
0.239104943933
-0.871475858132
0.428203986997
0.293164562356
-0.926339771112
0.236535764390
0.092639372516
-0.955735173128
0.279263720352
-0.934205056637
0.021558462798
0.356084463065
-0.985006702751
0.066367586138
0.159239250959
-0.871475858132
0.428203986997
0.239104943933
-0.926339771112
0.236535764390
0.293164562356
-0.955735173128
0.279263720352
0.092639372516
0.093201844423
-0.656530847929
0.748518978993
0.171071680182
-0.780863320450
0.600821899581
-0.196675924156
-0.845253281800
0.496855583106
-0.051689002508
-0.777099667673
0.627251427676
0.023089628683
-0.884210716903
0.466517177777
-0.855044686171
0.185686077643
0.484168633041
-0.812911003748
0.384184803170
0.437695941264
-0.564824277032
0.374620275026
0.735277624856
-0.721749567116
0.299088343436
0.624198466186
-0.662201277463
0.489217995351
0.567587192554
-0.484168633041
-0.855044686171
-0.185686077643
-0.437695941264
-0.812911003748
-0.384184803170
-0.735277624856
-0.564824277032
-0.374620275026
-0.624198466186
-0.721749567116
-0.299088343436
-0.567587192554
-0.662201277463
-0.489217995351
0.185686077643
-0.484168633041
0.855044686171
0.384184803170
-0.437695941264
0.812911003748
0.374620275026
-0.735277624856
0.564824277032
0.299088343436
-0.624198466186
0.721749567116
0.489217995351
-0.567587192554
0.662201277463
-0.748518978993
0.093201844423
0.656530847929
-0.600821899581
0.171071680182
0.780863320450
-0.496855583106
-0.196675924156
0.845253281800
-0.627251427676
-0.051689002508
0.777099667673
-0.466517177777
0.023089628683
0.884210716903
0.449286307488
-0.876603148969
-0.172362214888
0.330310931141
-0.879278589886
-0.343167379185
0.042429019777
-0.993028264029
-0.109975656944
0.241475559848
-0.958285331506
-0.152901201488
0.115729001200
-0.941464997815
-0.316623524349
0.876603148969
0.172362214888
0.449286307488
0.879278589886
0.343167379185
0.330310931141
0.993028264029
0.109975656944
0.042429019777
0.958285331506
0.152901201488
0.241475559848
0.941464997815
0.316623524349
0.115729001200
0.021558462798
-0.356084463065
0.934205056637
0.066367586138
-0.159239250959
0.985006702751
0.428203986997
-0.239104943933
0.871475858132
0.236535764390
-0.293164562356
0.926339771112
0.279263720352
-0.092639372516
0.955735173128
0.748518978993
0.093201844423
-0.656530847929
0.600821899581
0.171071680182
-0.780863320450
0.496855583106
-0.196675924156
-0.845253281800
0.627251427676
-0.051689002508
-0.777099667673
0.466517177777
0.023089628683
-0.884210716903
-0.656530847929
-0.748518978993
-0.093201844423
-0.780863320450
-0.600821899581
-0.171071680182
-0.845253281800
-0.496855583106
0.196675924156
-0.777099667673
-0.627251427676
0.051689002508
-0.884210716903
-0.466517177777
-0.023089628683
0.484168633041
-0.855044686171
0.185686077643
0.437695941264
-0.812911003748
0.384184803170
0.735277624856
-0.564824277032
0.374620275026
0.624198466186
-0.721749567116
0.299088343436
0.567587192554
-0.662201277463
0.489217995351
-0.185686077643
-0.484168633041
-0.855044686171
-0.384184803170
-0.437695941264
-0.812911003748
-0.374620275026
-0.735277624856
-0.564824277032
-0.299088343436
-0.624198466186
-0.721749567116
-0.489217995351
-0.567587192554
-0.662201277463
0.185686077643
0.484168633041
-0.855044686171
0.384184803170
0.437695941264
-0.812911003748
0.374620275026
0.735277624856
-0.564824277032
0.299088343436
0.624198466186
-0.721749567116
0.489217995351
0.567587192554
-0.662201277463
-0.855044686171
-0.185686077643
-0.484168633041
-0.812911003748
-0.384184803170
-0.437695941264
-0.564824277032
-0.374620275026
-0.735277624856
-0.721749567116
-0.299088343436
-0.624198466186
-0.662201277463
-0.489217995351
-0.567587192554
-0.656530847929
0.748518978993
0.093201844423
-0.780863320450
0.600821899581
0.171071680182
-0.845253281800
0.496855583106
-0.196675924156
-0.777099667673
0.627251427676
-0.051689002508
-0.884210716903
0.466517177777
0.023089628683
0.093201844423
0.656530847929
-0.748518978993
0.171071680182
0.780863320450
-0.600821899581
-0.196675924156
0.845253281800
-0.496855583106
-0.051689002508
0.777099667673
-0.627251427676
0.023089628683
0.884210716903
-0.466517177777
0.128084169976
-0.634972385131
-0.761842841748
0.278456690305
-0.714495734312
-0.641839323565
0.496172680923
-0.417049294803
-0.761500201188
0.331033903830
-0.540563903283
-0.773438569624
0.474947820038
-0.604946996551
-0.639111648779
-0.934205056637
-0.021558462798
-0.356084463065
-0.985006702751
-0.066367586138
-0.159239250959
-0.871475858132
-0.428203986997
-0.239104943933
-0.926339771112
-0.236535764390
-0.293164562356
-0.955735173128
-0.279263720352
-0.092639372516
-0.128084169976
0.634972385131
-0.761842841748
-0.278456690305
0.714495734312
-0.641839323565
-0.496172680923
0.417049294803
-0.761500201188
-0.331033903830
0.540563903283
-0.773438569624
-0.474947820038
0.604946996551
-0.639111648779
0.934205056637
0.021558462798
-0.356084463065
0.985006702751
0.066367586138
-0.159239250959
0.871475858132
0.428203986997
-0.239104943933
0.926339771112
0.236535764390
-0.293164562356
0.955735173128
0.279263720352
-0.092639372516
-0.093201844423
-0.656530847929
-0.748518978993
-0.171071680182
-0.780863320450
-0.600821899581
0.196675924156
-0.845253281800
-0.496855583106
0.051689002508
-0.777099667673
-0.627251427676
-0.023089628683
-0.884210716903
-0.466517177777
0.855044686171
0.185686077643
-0.484168633041
0.812911003748
0.384184803170
-0.437695941264
0.564824277032
0.374620275026
-0.735277624856
0.721749567116
0.299088343436
-0.624198466186
0.662201277463
0.489217995351
-0.567587192554
-0.876603148969
0.172362214888
-0.449286307488
-0.879278589886
0.343167379185
-0.330310931141
-0.993028264029
0.109975656944
-0.042429019777
-0.958285331506
0.152901201488
-0.241475559848
-0.941464997815
0.316623524349
-0.115729001200
0.172362214888
-0.449286307488
-0.876603148969
0.343167379185
-0.330310931141
-0.879278589886
0.109975656944
-0.042429019777
-0.993028264029
0.152901201488
-0.241475559848
-0.958285331506
0.316623524349
-0.115729001200
-0.941464997815
0.634972385131
-0.761842841748
-0.128084169976
0.714495734312
-0.641839323565
-0.278456690305
0.417049294803
-0.761500201188
-0.496172680923
0.540563903283
-0.773438569624
-0.331033903830
0.604946996551
-0.639111648779
-0.474947820038
-0.634972385131
-0.761842841748
0.128084169976
-0.714495734312
-0.641839323565
0.278456690305
-0.417049294803
-0.761500201188
0.496172680923
-0.540563903283
-0.773438569624
0.331033903830
-0.604946996551
-0.639111648779
0.474947820038
-0.449286307488
-0.876603148969
0.172362214888
-0.330310931141
-0.879278589886
0.343167379185
-0.042429019777
-0.993028264029
0.109975656944
-0.241475559848
-0.958285331506
0.152901201488
-0.115729001200
-0.941464997815
0.316623524349
0.449286307488
0.876603148969
0.172362214888
0.330310931141
0.879278589886
0.343167379185
0.042429019777
0.993028264029
0.109975656944
0.241475559848
0.958285331506
0.152901201488
0.115729001200
0.941464997815
0.316623524349
-0.021558462798
-0.356084463065
-0.934205056637
-0.066367586138
-0.159239250959
-0.985006702751
-0.428203986997
-0.239104943933
-0.871475858132
-0.236535764390
-0.293164562356
-0.926339771112
-0.279263720352
-0.092639372516
-0.955735173128
0.656530847929
-0.748518978993
0.093201844423
0.780863320450
-0.600821899581
0.171071680182
0.845253281800
-0.496855583106
-0.196675924156
0.777099667673
-0.627251427676
-0.051689002508
0.884210716903
-0.466517177777
0.023089628683